               * neurx hybrid memristor-spintronics system v0.02
               Transient Analysis  Fri Jun 28 12:54:27  2024
--------------------------------------------------------------------------------
Index   time            c1              c3              c4              
--------------------------------------------------------------------------------
0	0.000000e+00	0.000000e+00	0.000000e+00	0.000000e+00	
1	1.000000e-11	0.000000e+00	0.000000e+00	0.000000e+00	
2	2.000000e-11	0.000000e+00	0.000000e+00	0.000000e+00	
3	4.000000e-11	0.000000e+00	0.000000e+00	0.000000e+00	
4	8.000000e-11	0.000000e+00	0.000000e+00	0.000000e+00	
5	1.600000e-10	0.000000e+00	0.000000e+00	0.000000e+00	
6	3.200000e-10	0.000000e+00	0.000000e+00	0.000000e+00	
7	6.400000e-10	0.000000e+00	0.000000e+00	0.000000e+00	
8	1.000000e-09	0.000000e+00	0.000000e+00	0.000000e+00	
9	1.064000e-09	0.000000e+00	0.000000e+00	0.000000e+00	
10	1.192000e-09	0.000000e+00	0.000000e+00	0.000000e+00	
11	1.448000e-09	0.000000e+00	0.000000e+00	0.000000e+00	
12	1.960000e-09	0.000000e+00	0.000000e+00	0.000000e+00	
13	2.960000e-09	0.000000e+00	0.000000e+00	0.000000e+00	
14	3.960000e-09	0.000000e+00	0.000000e+00	0.000000e+00	
15	4.960000e-09	0.000000e+00	0.000000e+00	0.000000e+00	
16	5.000000e-09	0.000000e+00	0.000000e+00	0.000000e+00	
17	5.080000e-09	0.000000e+00	0.000000e+00	0.000000e+00	
18	5.240000e-09	0.000000e+00	0.000000e+00	0.000000e+00	
19	5.560000e-09	0.000000e+00	0.000000e+00	0.000000e+00	
20	6.000000e-09	0.000000e+00	0.000000e+00	0.000000e+00	
21	6.064000e-09	0.000000e+00	0.000000e+00	0.000000e+00	
22	6.192000e-09	0.000000e+00	0.000000e+00	0.000000e+00	
23	6.448000e-09	0.000000e+00	0.000000e+00	0.000000e+00	
24	6.960000e-09	0.000000e+00	0.000000e+00	0.000000e+00	
25	7.960000e-09	0.000000e+00	0.000000e+00	0.000000e+00	
26	8.960000e-09	0.000000e+00	0.000000e+00	0.000000e+00	
27	9.960000e-09	0.000000e+00	0.000000e+00	0.000000e+00	
28	1.000000e-08	0.000000e+00	0.000000e+00	0.000000e+00	
29	1.008000e-08	1.440000e-01	1.309091e-01	1.309091e-01	
30	1.024000e-08	4.320000e-01	3.927273e-01	3.927273e-01	
31	1.056000e-08	1.008000e+00	9.163636e-01	9.163636e-01	
32	1.100000e-08	1.800000e+00	1.636364e+00	1.636364e+00	
33	1.106400e-08	1.800000e+00	1.636364e+00	1.636364e+00	
34	1.119200e-08	1.800000e+00	1.636364e+00	1.636364e+00	
35	1.144800e-08	1.800000e+00	1.636364e+00	1.636364e+00	
36	1.196000e-08	1.800000e+00	1.636364e+00	1.636364e+00	
37	1.200000e-08	1.800000e+00	1.636364e+00	1.636364e+00	
38	1.208000e-08	1.800000e+00	1.636364e+00	1.636364e+00	
39	1.224000e-08	1.800000e+00	1.636364e+00	1.636364e+00	
40	1.256000e-08	1.800000e+00	1.636364e+00	1.636364e+00	
41	1.320000e-08	1.800000e+00	1.636364e+00	1.636364e+00	
42	1.420000e-08	1.800000e+00	1.636364e+00	1.636364e+00	
43	1.500000e-08	1.800000e+00	1.636364e+00	1.636364e+00	
44	1.510000e-08	1.800000e+00	1.636364e+00	1.636364e+00	
45	1.530000e-08	1.800000e+00	1.636364e+00	1.636364e+00	
46	1.570000e-08	1.800000e+00	1.636364e+00	1.636364e+00	
47	1.600000e-08	1.800000e+00	1.636364e+00	1.636364e+00	
48	1.608000e-08	1.800000e+00	1.636364e+00	1.636364e+00	
49	1.624000e-08	1.800000e+00	1.636364e+00	1.636364e+00	
50	1.656000e-08	1.800000e+00	1.636364e+00	1.636364e+00	
51	1.700000e-08	1.800000e+00	1.636364e+00	1.636364e+00	
52	1.706400e-08	1.800000e+00	1.636364e+00	1.636364e+00	
53	1.719200e-08	1.800000e+00	1.636364e+00	1.636364e+00	
54	1.744800e-08	1.800000e+00	1.636364e+00	1.636364e+00	

Index   time            c1              c3              c4              
--------------------------------------------------------------------------------
55	1.796000e-08	1.800000e+00	1.636364e+00	1.636364e+00	
56	1.896000e-08	1.800000e+00	1.636364e+00	1.636364e+00	
57	1.996000e-08	1.800000e+00	1.636364e+00	1.636364e+00	
58	2.000000e-08	1.800000e+00	1.636364e+00	1.636364e+00	
59	2.008000e-08	1.800000e+00	1.636364e+00	1.636364e+00	
60	2.024000e-08	1.800000e+00	1.636364e+00	1.636364e+00	
61	2.056000e-08	1.800000e+00	1.636364e+00	1.636364e+00	
62	2.100000e-08	1.800000e+00	1.636364e+00	1.636364e+00	
63	2.106400e-08	1.684800e+00	1.531636e+00	1.531636e+00	
64	2.119200e-08	1.454400e+00	1.322182e+00	1.322182e+00	
65	2.144800e-08	9.936000e-01	9.032727e-01	9.032727e-01	
66	2.196000e-08	7.200000e-02	6.545455e-02	6.545455e-02	
67	2.200000e-08	0.000000e+00	0.000000e+00	0.000000e+00	
68	2.208000e-08	0.000000e+00	0.000000e+00	0.000000e+00	
69	2.224000e-08	0.000000e+00	0.000000e+00	0.000000e+00	
70	2.256000e-08	0.000000e+00	0.000000e+00	0.000000e+00	
71	2.320000e-08	0.000000e+00	0.000000e+00	0.000000e+00	
72	2.420000e-08	0.000000e+00	0.000000e+00	0.000000e+00	
73	2.500000e-08	0.000000e+00	0.000000e+00	0.000000e+00	
74	2.510000e-08	0.000000e+00	0.000000e+00	0.000000e+00	
75	2.530000e-08	0.000000e+00	0.000000e+00	0.000000e+00	
76	2.570000e-08	0.000000e+00	0.000000e+00	0.000000e+00	
77	2.600000e-08	0.000000e+00	0.000000e+00	0.000000e+00	
78	2.608000e-08	0.000000e+00	0.000000e+00	0.000000e+00	
79	2.624000e-08	0.000000e+00	0.000000e+00	0.000000e+00	
80	2.656000e-08	0.000000e+00	0.000000e+00	0.000000e+00	
81	2.700000e-08	0.000000e+00	0.000000e+00	0.000000e+00	
82	2.706400e-08	0.000000e+00	0.000000e+00	0.000000e+00	
83	2.719200e-08	0.000000e+00	0.000000e+00	0.000000e+00	
84	2.744800e-08	0.000000e+00	0.000000e+00	0.000000e+00	
85	2.796000e-08	0.000000e+00	0.000000e+00	0.000000e+00	
86	2.896000e-08	0.000000e+00	0.000000e+00	0.000000e+00	
87	2.996000e-08	0.000000e+00	0.000000e+00	0.000000e+00	
88	3.000000e-08	5.955700e-15	5.414273e-15	5.414273e-15	
89	3.008000e-08	1.440000e-01	1.309091e-01	1.309091e-01	
90	3.024000e-08	4.320000e-01	3.927273e-01	3.927273e-01	
91	3.056000e-08	1.008000e+00	9.163636e-01	9.163636e-01	
92	3.100000e-08	1.800000e+00	1.636364e+00	1.636364e+00	
93	3.106400e-08	1.800000e+00	1.636364e+00	1.636364e+00	
94	3.119200e-08	1.800000e+00	1.636364e+00	1.636364e+00	
95	3.144800e-08	1.800000e+00	1.636364e+00	1.636364e+00	
96	3.196000e-08	1.800000e+00	1.636364e+00	1.636364e+00	
97	3.200000e-08	1.800000e+00	1.636364e+00	1.636364e+00	
98	3.208000e-08	1.800000e+00	1.636364e+00	1.636364e+00	
99	3.224000e-08	1.800000e+00	1.636364e+00	1.636364e+00	
100	3.256000e-08	1.800000e+00	1.636364e+00	1.636364e+00	
101	3.320000e-08	1.800000e+00	1.636364e+00	1.636364e+00	
102	3.420000e-08	1.800000e+00	1.636364e+00	1.636364e+00	
103	3.500000e-08	1.800000e+00	1.636364e+00	1.636364e+00	
104	3.510000e-08	1.800000e+00	1.636364e+00	1.636364e+00	
105	3.530000e-08	1.800000e+00	1.636364e+00	1.636364e+00	
106	3.570000e-08	1.800000e+00	1.636364e+00	1.636364e+00	
107	3.600000e-08	1.800000e+00	1.636364e+00	1.636364e+00	
108	3.608000e-08	1.800000e+00	1.636364e+00	1.636364e+00	
109	3.624000e-08	1.800000e+00	1.636364e+00	1.636364e+00	
110	3.656000e-08	1.800000e+00	1.636364e+00	1.636364e+00	
111	3.700000e-08	1.800000e+00	1.636364e+00	1.636364e+00	
112	3.706400e-08	1.800000e+00	1.636364e+00	1.636364e+00	

Index   time            c1              c3              c4              
--------------------------------------------------------------------------------
113	3.719200e-08	1.800000e+00	1.636364e+00	1.636364e+00	
114	3.744800e-08	1.800000e+00	1.636364e+00	1.636364e+00	
115	3.796000e-08	1.800000e+00	1.636364e+00	1.636364e+00	
116	3.896000e-08	1.800000e+00	1.636364e+00	1.636364e+00	
117	3.996000e-08	1.800000e+00	1.636364e+00	1.636364e+00	
118	4.000000e-08	1.800000e+00	1.636364e+00	1.636364e+00	
119	4.008000e-08	1.800000e+00	1.636364e+00	1.636364e+00	
120	4.024000e-08	1.800000e+00	1.636364e+00	1.636364e+00	
121	4.056000e-08	1.800000e+00	1.636364e+00	1.636364e+00	
122	4.100000e-08	1.800000e+00	1.636364e+00	1.636364e+00	
123	4.106400e-08	1.684800e+00	1.531636e+00	1.531636e+00	
124	4.119200e-08	1.454400e+00	1.322182e+00	1.322182e+00	
125	4.144800e-08	9.936000e-01	9.032727e-01	9.032727e-01	
126	4.196000e-08	7.200000e-02	6.545455e-02	6.545455e-02	
127	4.200000e-08	1.065814e-14	9.689219e-15	9.689219e-15	
128	4.208000e-08	0.000000e+00	0.000000e+00	0.000000e+00	
129	4.224000e-08	0.000000e+00	0.000000e+00	0.000000e+00	
130	4.256000e-08	0.000000e+00	0.000000e+00	0.000000e+00	
131	4.320000e-08	0.000000e+00	0.000000e+00	0.000000e+00	
132	4.420000e-08	0.000000e+00	0.000000e+00	0.000000e+00	
133	4.500000e-08	0.000000e+00	0.000000e+00	0.000000e+00	
134	4.510000e-08	0.000000e+00	0.000000e+00	0.000000e+00	
135	4.530000e-08	0.000000e+00	0.000000e+00	0.000000e+00	
136	4.570000e-08	0.000000e+00	0.000000e+00	0.000000e+00	
137	4.600000e-08	0.000000e+00	0.000000e+00	0.000000e+00	
138	4.608000e-08	0.000000e+00	0.000000e+00	0.000000e+00	
139	4.624000e-08	0.000000e+00	0.000000e+00	0.000000e+00	
140	4.656000e-08	0.000000e+00	0.000000e+00	0.000000e+00	
141	4.700000e-08	0.000000e+00	0.000000e+00	0.000000e+00	
142	4.706400e-08	0.000000e+00	0.000000e+00	0.000000e+00	
143	4.719200e-08	0.000000e+00	0.000000e+00	0.000000e+00	
144	4.744800e-08	0.000000e+00	0.000000e+00	0.000000e+00	
145	4.796000e-08	0.000000e+00	0.000000e+00	0.000000e+00	
146	4.896000e-08	0.000000e+00	0.000000e+00	0.000000e+00	
147	4.996000e-08	0.000000e+00	0.000000e+00	0.000000e+00	
148	5.000000e-08	0.000000e+00	0.000000e+00	0.000000e+00	
149	5.008000e-08	1.440000e-01	1.309091e-01	1.309091e-01	
150	5.024000e-08	4.320000e-01	3.927273e-01	3.927273e-01	
151	5.056000e-08	1.008000e+00	9.163636e-01	9.163636e-01	
152	5.100000e-08	1.800000e+00	1.636364e+00	1.636364e+00	
153	5.106400e-08	1.800000e+00	1.636364e+00	1.636364e+00	
154	5.119200e-08	1.800000e+00	1.636364e+00	1.636364e+00	
155	5.144800e-08	1.800000e+00	1.636364e+00	1.636364e+00	
156	5.196000e-08	1.800000e+00	1.636364e+00	1.636364e+00	
157	5.200000e-08	1.800000e+00	1.636364e+00	1.636364e+00	
158	5.208000e-08	1.800000e+00	1.636364e+00	1.636364e+00	
159	5.224000e-08	1.800000e+00	1.636364e+00	1.636364e+00	
160	5.256000e-08	1.800000e+00	1.636364e+00	1.636364e+00	
161	5.320000e-08	1.800000e+00	1.636364e+00	1.636364e+00	
162	5.420000e-08	1.800000e+00	1.636364e+00	1.636364e+00	
163	5.500000e-08	1.800000e+00	1.636364e+00	1.636364e+00	
164	5.510000e-08	1.800000e+00	1.636364e+00	1.636364e+00	
165	5.530000e-08	1.800000e+00	1.636364e+00	1.636364e+00	
166	5.570000e-08	1.800000e+00	1.636364e+00	1.636364e+00	
167	5.600000e-08	1.800000e+00	1.636364e+00	1.636364e+00	
168	5.608000e-08	1.800000e+00	1.636364e+00	1.636364e+00	
169	5.624000e-08	1.800000e+00	1.636364e+00	1.636364e+00	
170	5.656000e-08	1.800000e+00	1.636364e+00	1.636364e+00	

Index   time            c1              c3              c4              
--------------------------------------------------------------------------------
171	5.700000e-08	1.800000e+00	1.636364e+00	1.636364e+00	
172	5.706400e-08	1.800000e+00	1.636364e+00	1.636364e+00	
173	5.719200e-08	1.800000e+00	1.636364e+00	1.636364e+00	
174	5.744800e-08	1.800000e+00	1.636364e+00	1.636364e+00	
175	5.796000e-08	1.800000e+00	1.636364e+00	1.636364e+00	
176	5.896000e-08	1.800000e+00	1.636364e+00	1.636364e+00	
177	5.996000e-08	1.800000e+00	1.636364e+00	1.636364e+00	
178	6.000000e-08	1.800000e+00	1.636364e+00	1.636364e+00	
179	6.008000e-08	1.800000e+00	1.636364e+00	1.636364e+00	
180	6.024000e-08	1.800000e+00	1.636364e+00	1.636364e+00	
181	6.056000e-08	1.800000e+00	1.636364e+00	1.636364e+00	
182	6.100000e-08	1.800000e+00	1.636364e+00	1.636364e+00	
183	6.106400e-08	1.684800e+00	1.531636e+00	1.531636e+00	
184	6.119200e-08	1.454400e+00	1.322182e+00	1.322182e+00	
185	6.144800e-08	9.936000e-01	9.032727e-01	9.032727e-01	
186	6.196000e-08	7.200000e-02	6.545455e-02	6.545455e-02	
187	6.200000e-08	0.000000e+00	0.000000e+00	0.000000e+00	
188	6.208000e-08	0.000000e+00	0.000000e+00	0.000000e+00	
189	6.224000e-08	0.000000e+00	0.000000e+00	0.000000e+00	
190	6.256000e-08	0.000000e+00	0.000000e+00	0.000000e+00	
191	6.320000e-08	0.000000e+00	0.000000e+00	0.000000e+00	
192	6.420000e-08	0.000000e+00	0.000000e+00	0.000000e+00	
193	6.500000e-08	0.000000e+00	0.000000e+00	0.000000e+00	
194	6.510000e-08	0.000000e+00	0.000000e+00	0.000000e+00	
195	6.530000e-08	0.000000e+00	0.000000e+00	0.000000e+00	
196	6.570000e-08	0.000000e+00	0.000000e+00	0.000000e+00	
197	6.600000e-08	0.000000e+00	0.000000e+00	0.000000e+00	
198	6.608000e-08	0.000000e+00	0.000000e+00	0.000000e+00	
199	6.624000e-08	0.000000e+00	0.000000e+00	0.000000e+00	
200	6.656000e-08	0.000000e+00	0.000000e+00	0.000000e+00	
201	6.700000e-08	0.000000e+00	0.000000e+00	0.000000e+00	
202	6.706400e-08	0.000000e+00	0.000000e+00	0.000000e+00	
203	6.719200e-08	0.000000e+00	0.000000e+00	0.000000e+00	
204	6.744800e-08	0.000000e+00	0.000000e+00	0.000000e+00	
205	6.796000e-08	0.000000e+00	0.000000e+00	0.000000e+00	
206	6.896000e-08	0.000000e+00	0.000000e+00	0.000000e+00	
207	6.996000e-08	0.000000e+00	0.000000e+00	0.000000e+00	
208	7.000000e-08	0.000000e+00	0.000000e+00	0.000000e+00	
209	7.008000e-08	1.440000e-01	1.309091e-01	1.309091e-01	
210	7.024000e-08	4.320000e-01	3.927273e-01	3.927273e-01	
211	7.056000e-08	1.008000e+00	9.163636e-01	9.163636e-01	
212	7.100000e-08	1.800000e+00	1.636364e+00	1.636364e+00	
213	7.106400e-08	1.800000e+00	1.636364e+00	1.636364e+00	
214	7.119200e-08	1.800000e+00	1.636364e+00	1.636364e+00	
215	7.144800e-08	1.800000e+00	1.636364e+00	1.636364e+00	
216	7.196000e-08	1.800000e+00	1.636364e+00	1.636364e+00	
217	7.200000e-08	1.800000e+00	1.636364e+00	1.636364e+00	
218	7.208000e-08	1.800000e+00	1.636364e+00	1.636364e+00	
219	7.224000e-08	1.800000e+00	1.636364e+00	1.636364e+00	
220	7.256000e-08	1.800000e+00	1.636364e+00	1.636364e+00	
221	7.320000e-08	1.800000e+00	1.636364e+00	1.636364e+00	
222	7.420000e-08	1.800000e+00	1.636364e+00	1.636364e+00	
223	7.500000e-08	1.800000e+00	1.636364e+00	1.636364e+00	
224	7.510000e-08	1.800000e+00	1.636364e+00	1.636364e+00	
225	7.530000e-08	1.800000e+00	1.636364e+00	1.636364e+00	
226	7.570000e-08	1.800000e+00	1.636364e+00	1.636364e+00	
227	7.600000e-08	1.800000e+00	1.636364e+00	1.636364e+00	
228	7.608000e-08	1.800000e+00	1.636364e+00	1.636364e+00	

Index   time            c1              c3              c4              
--------------------------------------------------------------------------------
229	7.624000e-08	1.800000e+00	1.636364e+00	1.636364e+00	
230	7.656000e-08	1.800000e+00	1.636364e+00	1.636364e+00	
231	7.700000e-08	1.800000e+00	1.636364e+00	1.636364e+00	
232	7.706400e-08	1.800000e+00	1.636364e+00	1.636364e+00	
233	7.719200e-08	1.800000e+00	1.636364e+00	1.636364e+00	
234	7.744800e-08	1.800000e+00	1.636364e+00	1.636364e+00	
235	7.796000e-08	1.800000e+00	1.636364e+00	1.636364e+00	
236	7.896000e-08	1.800000e+00	1.636364e+00	1.636364e+00	
237	7.996000e-08	1.800000e+00	1.636364e+00	1.636364e+00	
238	8.000000e-08	1.800000e+00	1.636364e+00	1.636364e+00	
239	8.008000e-08	1.800000e+00	1.636364e+00	1.636364e+00	
240	8.024000e-08	1.800000e+00	1.636364e+00	1.636364e+00	
241	8.056000e-08	1.800000e+00	1.636364e+00	1.636364e+00	
242	8.100000e-08	1.800000e+00	1.636364e+00	1.636364e+00	
243	8.106400e-08	1.684800e+00	1.531636e+00	1.531636e+00	
244	8.119200e-08	1.454400e+00	1.322182e+00	1.322182e+00	
245	8.144800e-08	9.936000e-01	9.032727e-01	9.032727e-01	
246	8.196000e-08	7.200000e-02	6.545455e-02	6.545455e-02	
247	8.200000e-08	0.000000e+00	0.000000e+00	0.000000e+00	
248	8.208000e-08	0.000000e+00	0.000000e+00	0.000000e+00	
249	8.224000e-08	0.000000e+00	0.000000e+00	0.000000e+00	
250	8.256000e-08	0.000000e+00	0.000000e+00	0.000000e+00	
251	8.320000e-08	0.000000e+00	0.000000e+00	0.000000e+00	
252	8.420000e-08	0.000000e+00	0.000000e+00	0.000000e+00	
253	8.500000e-08	0.000000e+00	0.000000e+00	0.000000e+00	
254	8.510000e-08	0.000000e+00	0.000000e+00	0.000000e+00	
255	8.530000e-08	0.000000e+00	0.000000e+00	0.000000e+00	
256	8.570000e-08	0.000000e+00	0.000000e+00	0.000000e+00	
257	8.600000e-08	0.000000e+00	0.000000e+00	0.000000e+00	
258	8.608000e-08	0.000000e+00	0.000000e+00	0.000000e+00	
259	8.624000e-08	0.000000e+00	0.000000e+00	0.000000e+00	
260	8.656000e-08	0.000000e+00	0.000000e+00	0.000000e+00	
261	8.700000e-08	0.000000e+00	0.000000e+00	0.000000e+00	
262	8.706400e-08	0.000000e+00	0.000000e+00	0.000000e+00	
263	8.719200e-08	0.000000e+00	0.000000e+00	0.000000e+00	
264	8.744800e-08	0.000000e+00	0.000000e+00	0.000000e+00	
265	8.796000e-08	0.000000e+00	0.000000e+00	0.000000e+00	
266	8.896000e-08	0.000000e+00	0.000000e+00	0.000000e+00	
267	8.996000e-08	0.000000e+00	0.000000e+00	0.000000e+00	
268	9.000000e-08	2.382280e-14	2.165709e-14	2.165709e-14	
269	9.008000e-08	1.440000e-01	1.309091e-01	1.309091e-01	
270	9.024000e-08	4.320000e-01	3.927273e-01	3.927273e-01	
271	9.056000e-08	1.008000e+00	9.163636e-01	9.163636e-01	
272	9.100000e-08	1.800000e+00	1.636364e+00	1.636364e+00	
273	9.106400e-08	1.800000e+00	1.636364e+00	1.636364e+00	
274	9.119200e-08	1.800000e+00	1.636364e+00	1.636364e+00	
275	9.144800e-08	1.800000e+00	1.636364e+00	1.636364e+00	
276	9.196000e-08	1.800000e+00	1.636364e+00	1.636364e+00	
277	9.200000e-08	1.800000e+00	1.636364e+00	1.636364e+00	
278	9.208000e-08	1.800000e+00	1.636364e+00	1.636364e+00	
279	9.224000e-08	1.800000e+00	1.636364e+00	1.636364e+00	
280	9.256000e-08	1.800000e+00	1.636364e+00	1.636364e+00	
281	9.320000e-08	1.800000e+00	1.636364e+00	1.636364e+00	
282	9.420000e-08	1.800000e+00	1.636364e+00	1.636364e+00	
283	9.500000e-08	1.800000e+00	1.636364e+00	1.636364e+00	
284	9.510000e-08	1.800000e+00	1.636364e+00	1.636364e+00	
285	9.530000e-08	1.800000e+00	1.636364e+00	1.636364e+00	
286	9.570000e-08	1.800000e+00	1.636364e+00	1.636364e+00	

Index   time            c1              c3              c4              
--------------------------------------------------------------------------------
287	9.600000e-08	1.800000e+00	1.636364e+00	1.636364e+00	
288	9.608000e-08	1.800000e+00	1.636364e+00	1.636364e+00	
289	9.624000e-08	1.800000e+00	1.636364e+00	1.636364e+00	
290	9.656000e-08	1.800000e+00	1.636364e+00	1.636364e+00	
291	9.700000e-08	1.800000e+00	1.636364e+00	1.636364e+00	
292	9.706400e-08	1.800000e+00	1.636364e+00	1.636364e+00	
293	9.719200e-08	1.800000e+00	1.636364e+00	1.636364e+00	
294	9.744800e-08	1.800000e+00	1.636364e+00	1.636364e+00	
295	9.796000e-08	1.800000e+00	1.636364e+00	1.636364e+00	
296	9.896000e-08	1.800000e+00	1.636364e+00	1.636364e+00	
297	9.996000e-08	1.800000e+00	1.636364e+00	1.636364e+00	
298	1.000000e-07	1.800000e+00	1.636364e+00	1.636364e+00	

               * neurx hybrid memristor-spintronics system v0.02
               Transient Analysis  Fri Jun 28 12:54:27  2024
--------------------------------------------------------------------------------
Index   time            n5              n6              s1              
--------------------------------------------------------------------------------
0	0.000000e+00	0.000000e+00	0.000000e+00	0.000000e+00	
1	1.000000e-11	0.000000e+00	0.000000e+00	1.800000e-02	
2	2.000000e-11	0.000000e+00	0.000000e+00	3.600000e-02	
3	4.000000e-11	0.000000e+00	0.000000e+00	7.200000e-02	
4	8.000000e-11	0.000000e+00	0.000000e+00	1.440000e-01	
5	1.600000e-10	0.000000e+00	0.000000e+00	2.880000e-01	
6	3.200000e-10	0.000000e+00	0.000000e+00	5.760000e-01	
7	6.400000e-10	0.000000e+00	0.000000e+00	1.152000e+00	
8	1.000000e-09	0.000000e+00	0.000000e+00	1.800000e+00	
9	1.064000e-09	0.000000e+00	0.000000e+00	1.800000e+00	
10	1.192000e-09	0.000000e+00	0.000000e+00	1.800000e+00	
11	1.448000e-09	0.000000e+00	0.000000e+00	1.800000e+00	
12	1.960000e-09	0.000000e+00	0.000000e+00	1.800000e+00	
13	2.960000e-09	0.000000e+00	0.000000e+00	1.800000e+00	
14	3.960000e-09	0.000000e+00	0.000000e+00	1.800000e+00	
15	4.960000e-09	0.000000e+00	0.000000e+00	1.800000e+00	
16	5.000000e-09	0.000000e+00	0.000000e+00	1.800000e+00	
17	5.080000e-09	1.440000e-01	0.000000e+00	1.800000e+00	
18	5.240000e-09	4.320000e-01	0.000000e+00	1.800000e+00	
19	5.560000e-09	1.008000e+00	0.000000e+00	1.800000e+00	
20	6.000000e-09	1.800000e+00	0.000000e+00	1.800000e+00	
21	6.064000e-09	1.800000e+00	0.000000e+00	1.800000e+00	
22	6.192000e-09	1.800000e+00	0.000000e+00	1.800000e+00	
23	6.448000e-09	1.800000e+00	0.000000e+00	1.800000e+00	
24	6.960000e-09	1.800000e+00	0.000000e+00	1.800000e+00	
25	7.960000e-09	1.800000e+00	0.000000e+00	1.800000e+00	
26	8.960000e-09	1.800000e+00	0.000000e+00	1.800000e+00	
27	9.960000e-09	1.800000e+00	0.000000e+00	1.800000e+00	
28	1.000000e-08	1.800000e+00	0.000000e+00	1.800000e+00	
29	1.008000e-08	1.800000e+00	0.000000e+00	1.800000e+00	
30	1.024000e-08	1.800000e+00	0.000000e+00	1.800000e+00	
31	1.056000e-08	1.800000e+00	0.000000e+00	1.800000e+00	
32	1.100000e-08	1.800000e+00	0.000000e+00	1.800000e+00	
33	1.106400e-08	1.800000e+00	0.000000e+00	1.684800e+00	
34	1.119200e-08	1.800000e+00	0.000000e+00	1.454400e+00	
35	1.144800e-08	1.800000e+00	0.000000e+00	9.936000e-01	
36	1.196000e-08	1.800000e+00	0.000000e+00	7.200000e-02	
37	1.200000e-08	1.800000e+00	0.000000e+00	0.000000e+00	
38	1.208000e-08	1.800000e+00	0.000000e+00	0.000000e+00	
39	1.224000e-08	1.800000e+00	0.000000e+00	0.000000e+00	
40	1.256000e-08	1.800000e+00	0.000000e+00	0.000000e+00	
41	1.320000e-08	1.800000e+00	0.000000e+00	0.000000e+00	
42	1.420000e-08	1.800000e+00	0.000000e+00	0.000000e+00	
43	1.500000e-08	1.800000e+00	0.000000e+00	0.000000e+00	
44	1.510000e-08	1.800000e+00	1.800000e-01	0.000000e+00	
45	1.530000e-08	1.800000e+00	5.400000e-01	0.000000e+00	
46	1.570000e-08	1.800000e+00	1.260000e+00	0.000000e+00	
47	1.600000e-08	1.800000e+00	1.800000e+00	0.000000e+00	
48	1.608000e-08	1.656000e+00	1.800000e+00	0.000000e+00	
49	1.624000e-08	1.368000e+00	1.800000e+00	0.000000e+00	
50	1.656000e-08	7.920000e-01	1.800000e+00	0.000000e+00	
51	1.700000e-08	1.776357e-15	1.800000e+00	0.000000e+00	
52	1.706400e-08	0.000000e+00	1.800000e+00	0.000000e+00	
53	1.719200e-08	0.000000e+00	1.800000e+00	0.000000e+00	
54	1.744800e-08	0.000000e+00	1.800000e+00	0.000000e+00	

Index   time            n5              n6              s1              
--------------------------------------------------------------------------------
55	1.796000e-08	0.000000e+00	1.800000e+00	0.000000e+00	
56	1.896000e-08	0.000000e+00	1.800000e+00	0.000000e+00	
57	1.996000e-08	0.000000e+00	1.800000e+00	0.000000e+00	
58	2.000000e-08	0.000000e+00	1.800000e+00	0.000000e+00	
59	2.008000e-08	0.000000e+00	1.800000e+00	1.440000e-01	
60	2.024000e-08	0.000000e+00	1.800000e+00	4.320000e-01	
61	2.056000e-08	0.000000e+00	1.800000e+00	1.008000e+00	
62	2.100000e-08	0.000000e+00	1.800000e+00	1.800000e+00	
63	2.106400e-08	0.000000e+00	1.800000e+00	1.800000e+00	
64	2.119200e-08	0.000000e+00	1.800000e+00	1.800000e+00	
65	2.144800e-08	0.000000e+00	1.800000e+00	1.800000e+00	
66	2.196000e-08	0.000000e+00	1.800000e+00	1.800000e+00	
67	2.200000e-08	0.000000e+00	1.800000e+00	1.800000e+00	
68	2.208000e-08	0.000000e+00	1.800000e+00	1.800000e+00	
69	2.224000e-08	0.000000e+00	1.800000e+00	1.800000e+00	
70	2.256000e-08	0.000000e+00	1.800000e+00	1.800000e+00	
71	2.320000e-08	0.000000e+00	1.800000e+00	1.800000e+00	
72	2.420000e-08	0.000000e+00	1.800000e+00	1.800000e+00	
73	2.500000e-08	0.000000e+00	1.800000e+00	1.800000e+00	
74	2.510000e-08	1.800000e-01	1.800000e+00	1.800000e+00	
75	2.530000e-08	5.400000e-01	1.800000e+00	1.800000e+00	
76	2.570000e-08	1.260000e+00	1.800000e+00	1.800000e+00	
77	2.600000e-08	1.800000e+00	1.800000e+00	1.800000e+00	
78	2.608000e-08	1.800000e+00	1.656000e+00	1.800000e+00	
79	2.624000e-08	1.800000e+00	1.368000e+00	1.800000e+00	
80	2.656000e-08	1.800000e+00	7.920000e-01	1.800000e+00	
81	2.700000e-08	1.800000e+00	0.000000e+00	1.800000e+00	
82	2.706400e-08	1.800000e+00	0.000000e+00	1.800000e+00	
83	2.719200e-08	1.800000e+00	0.000000e+00	1.800000e+00	
84	2.744800e-08	1.800000e+00	0.000000e+00	1.800000e+00	
85	2.796000e-08	1.800000e+00	0.000000e+00	1.800000e+00	
86	2.896000e-08	1.800000e+00	0.000000e+00	1.800000e+00	
87	2.996000e-08	1.800000e+00	0.000000e+00	1.800000e+00	
88	3.000000e-08	1.800000e+00	0.000000e+00	1.800000e+00	
89	3.008000e-08	1.800000e+00	0.000000e+00	1.800000e+00	
90	3.024000e-08	1.800000e+00	0.000000e+00	1.800000e+00	
91	3.056000e-08	1.800000e+00	0.000000e+00	1.800000e+00	
92	3.100000e-08	1.800000e+00	0.000000e+00	1.800000e+00	
93	3.106400e-08	1.800000e+00	0.000000e+00	1.684800e+00	
94	3.119200e-08	1.800000e+00	0.000000e+00	1.454400e+00	
95	3.144800e-08	1.800000e+00	0.000000e+00	9.936000e-01	
96	3.196000e-08	1.800000e+00	0.000000e+00	7.200000e-02	
97	3.200000e-08	1.800000e+00	0.000000e+00	0.000000e+00	
98	3.208000e-08	1.800000e+00	0.000000e+00	0.000000e+00	
99	3.224000e-08	1.800000e+00	0.000000e+00	0.000000e+00	
100	3.256000e-08	1.800000e+00	0.000000e+00	0.000000e+00	
101	3.320000e-08	1.800000e+00	0.000000e+00	0.000000e+00	
102	3.420000e-08	1.800000e+00	0.000000e+00	0.000000e+00	
103	3.500000e-08	1.800000e+00	0.000000e+00	0.000000e+00	
104	3.510000e-08	1.800000e+00	1.800000e-01	0.000000e+00	
105	3.530000e-08	1.800000e+00	5.400000e-01	0.000000e+00	
106	3.570000e-08	1.800000e+00	1.260000e+00	0.000000e+00	
107	3.600000e-08	1.800000e+00	1.800000e+00	0.000000e+00	
108	3.608000e-08	1.656000e+00	1.800000e+00	0.000000e+00	
109	3.624000e-08	1.368000e+00	1.800000e+00	0.000000e+00	
110	3.656000e-08	7.920000e-01	1.800000e+00	0.000000e+00	
111	3.700000e-08	0.000000e+00	1.800000e+00	0.000000e+00	
112	3.706400e-08	0.000000e+00	1.800000e+00	0.000000e+00	

Index   time            n5              n6              s1              
--------------------------------------------------------------------------------
113	3.719200e-08	0.000000e+00	1.800000e+00	0.000000e+00	
114	3.744800e-08	0.000000e+00	1.800000e+00	0.000000e+00	
115	3.796000e-08	0.000000e+00	1.800000e+00	0.000000e+00	
116	3.896000e-08	0.000000e+00	1.800000e+00	0.000000e+00	
117	3.996000e-08	0.000000e+00	1.800000e+00	0.000000e+00	
118	4.000000e-08	0.000000e+00	1.800000e+00	0.000000e+00	
119	4.008000e-08	0.000000e+00	1.800000e+00	1.440000e-01	
120	4.024000e-08	0.000000e+00	1.800000e+00	4.320000e-01	
121	4.056000e-08	0.000000e+00	1.800000e+00	1.008000e+00	
122	4.100000e-08	0.000000e+00	1.800000e+00	1.800000e+00	
123	4.106400e-08	0.000000e+00	1.800000e+00	1.800000e+00	
124	4.119200e-08	0.000000e+00	1.800000e+00	1.800000e+00	
125	4.144800e-08	0.000000e+00	1.800000e+00	1.800000e+00	
126	4.196000e-08	0.000000e+00	1.800000e+00	1.800000e+00	
127	4.200000e-08	0.000000e+00	1.800000e+00	1.800000e+00	
128	4.208000e-08	0.000000e+00	1.800000e+00	1.800000e+00	
129	4.224000e-08	0.000000e+00	1.800000e+00	1.800000e+00	
130	4.256000e-08	0.000000e+00	1.800000e+00	1.800000e+00	
131	4.320000e-08	0.000000e+00	1.800000e+00	1.800000e+00	
132	4.420000e-08	0.000000e+00	1.800000e+00	1.800000e+00	
133	4.500000e-08	0.000000e+00	1.800000e+00	1.800000e+00	
134	4.510000e-08	1.800000e-01	1.800000e+00	1.800000e+00	
135	4.530000e-08	5.400000e-01	1.800000e+00	1.800000e+00	
136	4.570000e-08	1.260000e+00	1.800000e+00	1.800000e+00	
137	4.600000e-08	1.800000e+00	1.800000e+00	1.800000e+00	
138	4.608000e-08	1.800000e+00	1.656000e+00	1.800000e+00	
139	4.624000e-08	1.800000e+00	1.368000e+00	1.800000e+00	
140	4.656000e-08	1.800000e+00	7.920000e-01	1.800000e+00	
141	4.700000e-08	1.800000e+00	0.000000e+00	1.800000e+00	
142	4.706400e-08	1.800000e+00	0.000000e+00	1.800000e+00	
143	4.719200e-08	1.800000e+00	0.000000e+00	1.800000e+00	
144	4.744800e-08	1.800000e+00	0.000000e+00	1.800000e+00	
145	4.796000e-08	1.800000e+00	0.000000e+00	1.800000e+00	
146	4.896000e-08	1.800000e+00	0.000000e+00	1.800000e+00	
147	4.996000e-08	1.800000e+00	0.000000e+00	1.800000e+00	
148	5.000000e-08	1.800000e+00	0.000000e+00	1.800000e+00	
149	5.008000e-08	1.800000e+00	0.000000e+00	1.800000e+00	
150	5.024000e-08	1.800000e+00	0.000000e+00	1.800000e+00	
151	5.056000e-08	1.800000e+00	0.000000e+00	1.800000e+00	
152	5.100000e-08	1.800000e+00	0.000000e+00	1.800000e+00	
153	5.106400e-08	1.800000e+00	0.000000e+00	1.684800e+00	
154	5.119200e-08	1.800000e+00	0.000000e+00	1.454400e+00	
155	5.144800e-08	1.800000e+00	0.000000e+00	9.936000e-01	
156	5.196000e-08	1.800000e+00	0.000000e+00	7.200000e-02	
157	5.200000e-08	1.800000e+00	0.000000e+00	0.000000e+00	
158	5.208000e-08	1.800000e+00	0.000000e+00	0.000000e+00	
159	5.224000e-08	1.800000e+00	0.000000e+00	0.000000e+00	
160	5.256000e-08	1.800000e+00	0.000000e+00	0.000000e+00	
161	5.320000e-08	1.800000e+00	0.000000e+00	0.000000e+00	
162	5.420000e-08	1.800000e+00	0.000000e+00	0.000000e+00	
163	5.500000e-08	1.800000e+00	0.000000e+00	0.000000e+00	
164	5.510000e-08	1.800000e+00	1.800000e-01	0.000000e+00	
165	5.530000e-08	1.800000e+00	5.400000e-01	0.000000e+00	
166	5.570000e-08	1.800000e+00	1.260000e+00	0.000000e+00	
167	5.600000e-08	1.800000e+00	1.800000e+00	0.000000e+00	
168	5.608000e-08	1.656000e+00	1.800000e+00	0.000000e+00	
169	5.624000e-08	1.368000e+00	1.800000e+00	0.000000e+00	
170	5.656000e-08	7.920000e-01	1.800000e+00	0.000000e+00	

Index   time            n5              n6              s1              
--------------------------------------------------------------------------------
171	5.700000e-08	0.000000e+00	1.800000e+00	0.000000e+00	
172	5.706400e-08	0.000000e+00	1.800000e+00	0.000000e+00	
173	5.719200e-08	0.000000e+00	1.800000e+00	0.000000e+00	
174	5.744800e-08	0.000000e+00	1.800000e+00	0.000000e+00	
175	5.796000e-08	0.000000e+00	1.800000e+00	0.000000e+00	
176	5.896000e-08	0.000000e+00	1.800000e+00	0.000000e+00	
177	5.996000e-08	0.000000e+00	1.800000e+00	0.000000e+00	
178	6.000000e-08	0.000000e+00	1.800000e+00	0.000000e+00	
179	6.008000e-08	0.000000e+00	1.800000e+00	1.440000e-01	
180	6.024000e-08	0.000000e+00	1.800000e+00	4.320000e-01	
181	6.056000e-08	0.000000e+00	1.800000e+00	1.008000e+00	
182	6.100000e-08	0.000000e+00	1.800000e+00	1.800000e+00	
183	6.106400e-08	0.000000e+00	1.800000e+00	1.800000e+00	
184	6.119200e-08	0.000000e+00	1.800000e+00	1.800000e+00	
185	6.144800e-08	0.000000e+00	1.800000e+00	1.800000e+00	
186	6.196000e-08	0.000000e+00	1.800000e+00	1.800000e+00	
187	6.200000e-08	0.000000e+00	1.800000e+00	1.800000e+00	
188	6.208000e-08	0.000000e+00	1.800000e+00	1.800000e+00	
189	6.224000e-08	0.000000e+00	1.800000e+00	1.800000e+00	
190	6.256000e-08	0.000000e+00	1.800000e+00	1.800000e+00	
191	6.320000e-08	0.000000e+00	1.800000e+00	1.800000e+00	
192	6.420000e-08	0.000000e+00	1.800000e+00	1.800000e+00	
193	6.500000e-08	0.000000e+00	1.800000e+00	1.800000e+00	
194	6.510000e-08	1.800000e-01	1.800000e+00	1.800000e+00	
195	6.530000e-08	5.400000e-01	1.800000e+00	1.800000e+00	
196	6.570000e-08	1.260000e+00	1.800000e+00	1.800000e+00	
197	6.600000e-08	1.800000e+00	1.800000e+00	1.800000e+00	
198	6.608000e-08	1.800000e+00	1.656000e+00	1.800000e+00	
199	6.624000e-08	1.800000e+00	1.368000e+00	1.800000e+00	
200	6.656000e-08	1.800000e+00	7.920000e-01	1.800000e+00	
201	6.700000e-08	1.800000e+00	0.000000e+00	1.800000e+00	
202	6.706400e-08	1.800000e+00	0.000000e+00	1.800000e+00	
203	6.719200e-08	1.800000e+00	0.000000e+00	1.800000e+00	
204	6.744800e-08	1.800000e+00	0.000000e+00	1.800000e+00	
205	6.796000e-08	1.800000e+00	0.000000e+00	1.800000e+00	
206	6.896000e-08	1.800000e+00	0.000000e+00	1.800000e+00	
207	6.996000e-08	1.800000e+00	0.000000e+00	1.800000e+00	
208	7.000000e-08	1.800000e+00	0.000000e+00	1.800000e+00	
209	7.008000e-08	1.800000e+00	0.000000e+00	1.800000e+00	
210	7.024000e-08	1.800000e+00	0.000000e+00	1.800000e+00	
211	7.056000e-08	1.800000e+00	0.000000e+00	1.800000e+00	
212	7.100000e-08	1.800000e+00	0.000000e+00	1.800000e+00	
213	7.106400e-08	1.800000e+00	0.000000e+00	1.684800e+00	
214	7.119200e-08	1.800000e+00	0.000000e+00	1.454400e+00	
215	7.144800e-08	1.800000e+00	0.000000e+00	9.936000e-01	
216	7.196000e-08	1.800000e+00	0.000000e+00	7.200000e-02	
217	7.200000e-08	1.800000e+00	0.000000e+00	0.000000e+00	
218	7.208000e-08	1.800000e+00	0.000000e+00	0.000000e+00	
219	7.224000e-08	1.800000e+00	0.000000e+00	0.000000e+00	
220	7.256000e-08	1.800000e+00	0.000000e+00	0.000000e+00	
221	7.320000e-08	1.800000e+00	0.000000e+00	0.000000e+00	
222	7.420000e-08	1.800000e+00	0.000000e+00	0.000000e+00	
223	7.500000e-08	1.800000e+00	0.000000e+00	0.000000e+00	
224	7.510000e-08	1.800000e+00	1.800000e-01	0.000000e+00	
225	7.530000e-08	1.800000e+00	5.400000e-01	0.000000e+00	
226	7.570000e-08	1.800000e+00	1.260000e+00	0.000000e+00	
227	7.600000e-08	1.800000e+00	1.800000e+00	0.000000e+00	
228	7.608000e-08	1.656000e+00	1.800000e+00	0.000000e+00	

Index   time            n5              n6              s1              
--------------------------------------------------------------------------------
229	7.624000e-08	1.368000e+00	1.800000e+00	0.000000e+00	
230	7.656000e-08	7.920000e-01	1.800000e+00	0.000000e+00	
231	7.700000e-08	0.000000e+00	1.800000e+00	0.000000e+00	
232	7.706400e-08	0.000000e+00	1.800000e+00	0.000000e+00	
233	7.719200e-08	0.000000e+00	1.800000e+00	0.000000e+00	
234	7.744800e-08	0.000000e+00	1.800000e+00	0.000000e+00	
235	7.796000e-08	0.000000e+00	1.800000e+00	0.000000e+00	
236	7.896000e-08	0.000000e+00	1.800000e+00	0.000000e+00	
237	7.996000e-08	0.000000e+00	1.800000e+00	0.000000e+00	
238	8.000000e-08	0.000000e+00	1.800000e+00	0.000000e+00	
239	8.008000e-08	0.000000e+00	1.800000e+00	1.440000e-01	
240	8.024000e-08	0.000000e+00	1.800000e+00	4.320000e-01	
241	8.056000e-08	0.000000e+00	1.800000e+00	1.008000e+00	
242	8.100000e-08	0.000000e+00	1.800000e+00	1.800000e+00	
243	8.106400e-08	0.000000e+00	1.800000e+00	1.800000e+00	
244	8.119200e-08	0.000000e+00	1.800000e+00	1.800000e+00	
245	8.144800e-08	0.000000e+00	1.800000e+00	1.800000e+00	
246	8.196000e-08	0.000000e+00	1.800000e+00	1.800000e+00	
247	8.200000e-08	0.000000e+00	1.800000e+00	1.800000e+00	
248	8.208000e-08	0.000000e+00	1.800000e+00	1.800000e+00	
249	8.224000e-08	0.000000e+00	1.800000e+00	1.800000e+00	
250	8.256000e-08	0.000000e+00	1.800000e+00	1.800000e+00	
251	8.320000e-08	0.000000e+00	1.800000e+00	1.800000e+00	
252	8.420000e-08	0.000000e+00	1.800000e+00	1.800000e+00	
253	8.500000e-08	0.000000e+00	1.800000e+00	1.800000e+00	
254	8.510000e-08	1.800000e-01	1.800000e+00	1.800000e+00	
255	8.530000e-08	5.400000e-01	1.800000e+00	1.800000e+00	
256	8.570000e-08	1.260000e+00	1.800000e+00	1.800000e+00	
257	8.600000e-08	1.800000e+00	1.800000e+00	1.800000e+00	
258	8.608000e-08	1.800000e+00	1.656000e+00	1.800000e+00	
259	8.624000e-08	1.800000e+00	1.368000e+00	1.800000e+00	
260	8.656000e-08	1.800000e+00	7.920000e-01	1.800000e+00	
261	8.700000e-08	1.800000e+00	0.000000e+00	1.800000e+00	
262	8.706400e-08	1.800000e+00	0.000000e+00	1.800000e+00	
263	8.719200e-08	1.800000e+00	0.000000e+00	1.800000e+00	
264	8.744800e-08	1.800000e+00	0.000000e+00	1.800000e+00	
265	8.796000e-08	1.800000e+00	0.000000e+00	1.800000e+00	
266	8.896000e-08	1.800000e+00	0.000000e+00	1.800000e+00	
267	8.996000e-08	1.800000e+00	0.000000e+00	1.800000e+00	
268	9.000000e-08	1.800000e+00	0.000000e+00	1.800000e+00	
269	9.008000e-08	1.800000e+00	0.000000e+00	1.800000e+00	
270	9.024000e-08	1.800000e+00	0.000000e+00	1.800000e+00	
271	9.056000e-08	1.800000e+00	0.000000e+00	1.800000e+00	
272	9.100000e-08	1.800000e+00	0.000000e+00	1.800000e+00	
273	9.106400e-08	1.800000e+00	0.000000e+00	1.684800e+00	
274	9.119200e-08	1.800000e+00	0.000000e+00	1.454400e+00	
275	9.144800e-08	1.800000e+00	0.000000e+00	9.936000e-01	
276	9.196000e-08	1.800000e+00	0.000000e+00	7.200000e-02	
277	9.200000e-08	1.800000e+00	0.000000e+00	0.000000e+00	
278	9.208000e-08	1.800000e+00	0.000000e+00	0.000000e+00	
279	9.224000e-08	1.800000e+00	0.000000e+00	0.000000e+00	
280	9.256000e-08	1.800000e+00	0.000000e+00	0.000000e+00	
281	9.320000e-08	1.800000e+00	0.000000e+00	0.000000e+00	
282	9.420000e-08	1.800000e+00	0.000000e+00	0.000000e+00	
283	9.500000e-08	1.800000e+00	2.382280e-14	0.000000e+00	
284	9.510000e-08	1.800000e+00	1.800000e-01	0.000000e+00	
285	9.530000e-08	1.800000e+00	5.400000e-01	0.000000e+00	
286	9.570000e-08	1.800000e+00	1.260000e+00	0.000000e+00	

Index   time            n5              n6              s1              
--------------------------------------------------------------------------------
287	9.600000e-08	1.800000e+00	1.800000e+00	0.000000e+00	
288	9.608000e-08	1.656000e+00	1.800000e+00	0.000000e+00	
289	9.624000e-08	1.368000e+00	1.800000e+00	0.000000e+00	
290	9.656000e-08	7.920000e-01	1.800000e+00	0.000000e+00	
291	9.700000e-08	0.000000e+00	1.800000e+00	0.000000e+00	
292	9.706400e-08	0.000000e+00	1.800000e+00	0.000000e+00	
293	9.719200e-08	0.000000e+00	1.800000e+00	0.000000e+00	
294	9.744800e-08	0.000000e+00	1.800000e+00	0.000000e+00	
295	9.796000e-08	0.000000e+00	1.800000e+00	0.000000e+00	
296	9.896000e-08	0.000000e+00	1.800000e+00	0.000000e+00	
297	9.996000e-08	0.000000e+00	1.800000e+00	0.000000e+00	
298	1.000000e-07	0.000000e+00	1.800000e+00	0.000000e+00	

               * neurx hybrid memristor-spintronics system v0.02
               Transient Analysis  Fri Jun 28 12:54:27  2024
--------------------------------------------------------------------------------
Index   time            s3              s4              time            
--------------------------------------------------------------------------------
0	0.000000e+00	0.000000e+00	0.000000e+00	0.000000e+00	
1	1.000000e-11	1.636364e-02	1.636364e-02	1.000000e-11	
2	2.000000e-11	3.272727e-02	3.272727e-02	2.000000e-11	
3	4.000000e-11	6.545455e-02	6.545455e-02	4.000000e-11	
4	8.000000e-11	1.309091e-01	1.309091e-01	8.000000e-11	
5	1.600000e-10	2.618182e-01	2.618182e-01	1.600000e-10	
6	3.200000e-10	5.236364e-01	5.236364e-01	3.200000e-10	
7	6.400000e-10	1.047273e+00	1.047273e+00	6.400000e-10	
8	1.000000e-09	1.636364e+00	1.636364e+00	1.000000e-09	
9	1.064000e-09	1.636364e+00	1.636364e+00	1.064000e-09	
10	1.192000e-09	1.636364e+00	1.636364e+00	1.192000e-09	
11	1.448000e-09	1.636364e+00	1.636364e+00	1.448000e-09	
12	1.960000e-09	1.636364e+00	1.636364e+00	1.960000e-09	
13	2.960000e-09	1.636364e+00	1.636364e+00	2.960000e-09	
14	3.960000e-09	1.636364e+00	1.636364e+00	3.960000e-09	
15	4.960000e-09	1.636364e+00	1.636364e+00	4.960000e-09	
16	5.000000e-09	1.636364e+00	1.636364e+00	5.000000e-09	
17	5.080000e-09	1.636364e+00	1.636364e+00	5.080000e-09	
18	5.240000e-09	1.636364e+00	1.636364e+00	5.240000e-09	
19	5.560000e-09	1.636364e+00	1.636364e+00	5.560000e-09	
20	6.000000e-09	1.636364e+00	1.636364e+00	6.000000e-09	
21	6.064000e-09	1.636364e+00	1.636364e+00	6.064000e-09	
22	6.192000e-09	1.636364e+00	1.636364e+00	6.192000e-09	
23	6.448000e-09	1.636364e+00	1.636364e+00	6.448000e-09	
24	6.960000e-09	1.636364e+00	1.636364e+00	6.960000e-09	
25	7.960000e-09	1.636364e+00	1.636364e+00	7.960000e-09	
26	8.960000e-09	1.636364e+00	1.636364e+00	8.960000e-09	
27	9.960000e-09	1.636364e+00	1.636364e+00	9.960000e-09	
28	1.000000e-08	1.636364e+00	1.636364e+00	1.000000e-08	
29	1.008000e-08	1.636364e+00	1.636364e+00	1.008000e-08	
30	1.024000e-08	1.636364e+00	1.636364e+00	1.024000e-08	
31	1.056000e-08	1.636364e+00	1.636364e+00	1.056000e-08	
32	1.100000e-08	1.636364e+00	1.636364e+00	1.100000e-08	
33	1.106400e-08	1.531636e+00	1.531636e+00	1.106400e-08	
34	1.119200e-08	1.322182e+00	1.322182e+00	1.119200e-08	
35	1.144800e-08	9.032727e-01	9.032727e-01	1.144800e-08	
36	1.196000e-08	6.545455e-02	6.545455e-02	1.196000e-08	
37	1.200000e-08	0.000000e+00	0.000000e+00	1.200000e-08	
38	1.208000e-08	0.000000e+00	0.000000e+00	1.208000e-08	
39	1.224000e-08	0.000000e+00	0.000000e+00	1.224000e-08	
40	1.256000e-08	0.000000e+00	0.000000e+00	1.256000e-08	
41	1.320000e-08	0.000000e+00	0.000000e+00	1.320000e-08	
42	1.420000e-08	0.000000e+00	0.000000e+00	1.420000e-08	
43	1.500000e-08	0.000000e+00	0.000000e+00	1.500000e-08	
44	1.510000e-08	0.000000e+00	0.000000e+00	1.510000e-08	
45	1.530000e-08	0.000000e+00	0.000000e+00	1.530000e-08	
46	1.570000e-08	0.000000e+00	0.000000e+00	1.570000e-08	
47	1.600000e-08	0.000000e+00	0.000000e+00	1.600000e-08	
48	1.608000e-08	0.000000e+00	0.000000e+00	1.608000e-08	
49	1.624000e-08	0.000000e+00	0.000000e+00	1.624000e-08	
50	1.656000e-08	0.000000e+00	0.000000e+00	1.656000e-08	
51	1.700000e-08	0.000000e+00	0.000000e+00	1.700000e-08	
52	1.706400e-08	0.000000e+00	0.000000e+00	1.706400e-08	
53	1.719200e-08	0.000000e+00	0.000000e+00	1.719200e-08	
54	1.744800e-08	0.000000e+00	0.000000e+00	1.744800e-08	

Index   time            s3              s4              time            
--------------------------------------------------------------------------------
55	1.796000e-08	0.000000e+00	0.000000e+00	1.796000e-08	
56	1.896000e-08	0.000000e+00	0.000000e+00	1.896000e-08	
57	1.996000e-08	0.000000e+00	0.000000e+00	1.996000e-08	
58	2.000000e-08	0.000000e+00	0.000000e+00	2.000000e-08	
59	2.008000e-08	1.309091e-01	1.309091e-01	2.008000e-08	
60	2.024000e-08	3.927273e-01	3.927273e-01	2.024000e-08	
61	2.056000e-08	9.163636e-01	9.163636e-01	2.056000e-08	
62	2.100000e-08	1.636364e+00	1.636364e+00	2.100000e-08	
63	2.106400e-08	1.636364e+00	1.636364e+00	2.106400e-08	
64	2.119200e-08	1.636364e+00	1.636364e+00	2.119200e-08	
65	2.144800e-08	1.636364e+00	1.636364e+00	2.144800e-08	
66	2.196000e-08	1.636364e+00	1.636364e+00	2.196000e-08	
67	2.200000e-08	1.636364e+00	1.636364e+00	2.200000e-08	
68	2.208000e-08	1.636364e+00	1.636364e+00	2.208000e-08	
69	2.224000e-08	1.636364e+00	1.636364e+00	2.224000e-08	
70	2.256000e-08	1.636364e+00	1.636364e+00	2.256000e-08	
71	2.320000e-08	1.636364e+00	1.636364e+00	2.320000e-08	
72	2.420000e-08	1.636364e+00	1.636364e+00	2.420000e-08	
73	2.500000e-08	1.636364e+00	1.636364e+00	2.500000e-08	
74	2.510000e-08	1.636364e+00	1.636364e+00	2.510000e-08	
75	2.530000e-08	1.636364e+00	1.636364e+00	2.530000e-08	
76	2.570000e-08	1.636364e+00	1.636364e+00	2.570000e-08	
77	2.600000e-08	1.636364e+00	1.636364e+00	2.600000e-08	
78	2.608000e-08	1.636364e+00	1.636364e+00	2.608000e-08	
79	2.624000e-08	1.636364e+00	1.636364e+00	2.624000e-08	
80	2.656000e-08	1.636364e+00	1.636364e+00	2.656000e-08	
81	2.700000e-08	1.636364e+00	1.636364e+00	2.700000e-08	
82	2.706400e-08	1.636364e+00	1.636364e+00	2.706400e-08	
83	2.719200e-08	1.636364e+00	1.636364e+00	2.719200e-08	
84	2.744800e-08	1.636364e+00	1.636364e+00	2.744800e-08	
85	2.796000e-08	1.636364e+00	1.636364e+00	2.796000e-08	
86	2.896000e-08	1.636364e+00	1.636364e+00	2.896000e-08	
87	2.996000e-08	1.636364e+00	1.636364e+00	2.996000e-08	
88	3.000000e-08	1.636364e+00	1.636364e+00	3.000000e-08	
89	3.008000e-08	1.636364e+00	1.636364e+00	3.008000e-08	
90	3.024000e-08	1.636364e+00	1.636364e+00	3.024000e-08	
91	3.056000e-08	1.636364e+00	1.636364e+00	3.056000e-08	
92	3.100000e-08	1.636364e+00	1.636364e+00	3.100000e-08	
93	3.106400e-08	1.531636e+00	1.531636e+00	3.106400e-08	
94	3.119200e-08	1.322182e+00	1.322182e+00	3.119200e-08	
95	3.144800e-08	9.032727e-01	9.032727e-01	3.144800e-08	
96	3.196000e-08	6.545455e-02	6.545455e-02	3.196000e-08	
97	3.200000e-08	0.000000e+00	0.000000e+00	3.200000e-08	
98	3.208000e-08	0.000000e+00	0.000000e+00	3.208000e-08	
99	3.224000e-08	0.000000e+00	0.000000e+00	3.224000e-08	
100	3.256000e-08	0.000000e+00	0.000000e+00	3.256000e-08	
101	3.320000e-08	0.000000e+00	0.000000e+00	3.320000e-08	
102	3.420000e-08	0.000000e+00	0.000000e+00	3.420000e-08	
103	3.500000e-08	0.000000e+00	0.000000e+00	3.500000e-08	
104	3.510000e-08	0.000000e+00	0.000000e+00	3.510000e-08	
105	3.530000e-08	0.000000e+00	0.000000e+00	3.530000e-08	
106	3.570000e-08	0.000000e+00	0.000000e+00	3.570000e-08	
107	3.600000e-08	0.000000e+00	0.000000e+00	3.600000e-08	
108	3.608000e-08	0.000000e+00	0.000000e+00	3.608000e-08	
109	3.624000e-08	0.000000e+00	0.000000e+00	3.624000e-08	
110	3.656000e-08	0.000000e+00	0.000000e+00	3.656000e-08	
111	3.700000e-08	0.000000e+00	0.000000e+00	3.700000e-08	
112	3.706400e-08	0.000000e+00	0.000000e+00	3.706400e-08	

Index   time            s3              s4              time            
--------------------------------------------------------------------------------
113	3.719200e-08	0.000000e+00	0.000000e+00	3.719200e-08	
114	3.744800e-08	0.000000e+00	0.000000e+00	3.744800e-08	
115	3.796000e-08	0.000000e+00	0.000000e+00	3.796000e-08	
116	3.896000e-08	0.000000e+00	0.000000e+00	3.896000e-08	
117	3.996000e-08	0.000000e+00	0.000000e+00	3.996000e-08	
118	4.000000e-08	0.000000e+00	0.000000e+00	4.000000e-08	
119	4.008000e-08	1.309091e-01	1.309091e-01	4.008000e-08	
120	4.024000e-08	3.927273e-01	3.927273e-01	4.024000e-08	
121	4.056000e-08	9.163636e-01	9.163636e-01	4.056000e-08	
122	4.100000e-08	1.636364e+00	1.636364e+00	4.100000e-08	
123	4.106400e-08	1.636364e+00	1.636364e+00	4.106400e-08	
124	4.119200e-08	1.636364e+00	1.636364e+00	4.119200e-08	
125	4.144800e-08	1.636364e+00	1.636364e+00	4.144800e-08	
126	4.196000e-08	1.636364e+00	1.636364e+00	4.196000e-08	
127	4.200000e-08	1.636364e+00	1.636364e+00	4.200000e-08	
128	4.208000e-08	1.636364e+00	1.636364e+00	4.208000e-08	
129	4.224000e-08	1.636364e+00	1.636364e+00	4.224000e-08	
130	4.256000e-08	1.636364e+00	1.636364e+00	4.256000e-08	
131	4.320000e-08	1.636364e+00	1.636364e+00	4.320000e-08	
132	4.420000e-08	1.636364e+00	1.636364e+00	4.420000e-08	
133	4.500000e-08	1.636364e+00	1.636364e+00	4.500000e-08	
134	4.510000e-08	1.636364e+00	1.636364e+00	4.510000e-08	
135	4.530000e-08	1.636364e+00	1.636364e+00	4.530000e-08	
136	4.570000e-08	1.636364e+00	1.636364e+00	4.570000e-08	
137	4.600000e-08	1.636364e+00	1.636364e+00	4.600000e-08	
138	4.608000e-08	1.636364e+00	1.636364e+00	4.608000e-08	
139	4.624000e-08	1.636364e+00	1.636364e+00	4.624000e-08	
140	4.656000e-08	1.636364e+00	1.636364e+00	4.656000e-08	
141	4.700000e-08	1.636364e+00	1.636364e+00	4.700000e-08	
142	4.706400e-08	1.636364e+00	1.636364e+00	4.706400e-08	
143	4.719200e-08	1.636364e+00	1.636364e+00	4.719200e-08	
144	4.744800e-08	1.636364e+00	1.636364e+00	4.744800e-08	
145	4.796000e-08	1.636364e+00	1.636364e+00	4.796000e-08	
146	4.896000e-08	1.636364e+00	1.636364e+00	4.896000e-08	
147	4.996000e-08	1.636364e+00	1.636364e+00	4.996000e-08	
148	5.000000e-08	1.636364e+00	1.636364e+00	5.000000e-08	
149	5.008000e-08	1.636364e+00	1.636364e+00	5.008000e-08	
150	5.024000e-08	1.636364e+00	1.636364e+00	5.024000e-08	
151	5.056000e-08	1.636364e+00	1.636364e+00	5.056000e-08	
152	5.100000e-08	1.636364e+00	1.636364e+00	5.100000e-08	
153	5.106400e-08	1.531636e+00	1.531636e+00	5.106400e-08	
154	5.119200e-08	1.322182e+00	1.322182e+00	5.119200e-08	
155	5.144800e-08	9.032727e-01	9.032727e-01	5.144800e-08	
156	5.196000e-08	6.545455e-02	6.545455e-02	5.196000e-08	
157	5.200000e-08	0.000000e+00	0.000000e+00	5.200000e-08	
158	5.208000e-08	0.000000e+00	0.000000e+00	5.208000e-08	
159	5.224000e-08	0.000000e+00	0.000000e+00	5.224000e-08	
160	5.256000e-08	0.000000e+00	0.000000e+00	5.256000e-08	
161	5.320000e-08	0.000000e+00	0.000000e+00	5.320000e-08	
162	5.420000e-08	0.000000e+00	0.000000e+00	5.420000e-08	
163	5.500000e-08	0.000000e+00	0.000000e+00	5.500000e-08	
164	5.510000e-08	0.000000e+00	0.000000e+00	5.510000e-08	
165	5.530000e-08	0.000000e+00	0.000000e+00	5.530000e-08	
166	5.570000e-08	0.000000e+00	0.000000e+00	5.570000e-08	
167	5.600000e-08	0.000000e+00	0.000000e+00	5.600000e-08	
168	5.608000e-08	0.000000e+00	0.000000e+00	5.608000e-08	
169	5.624000e-08	0.000000e+00	0.000000e+00	5.624000e-08	
170	5.656000e-08	0.000000e+00	0.000000e+00	5.656000e-08	

Index   time            s3              s4              time            
--------------------------------------------------------------------------------
171	5.700000e-08	0.000000e+00	0.000000e+00	5.700000e-08	
172	5.706400e-08	0.000000e+00	0.000000e+00	5.706400e-08	
173	5.719200e-08	0.000000e+00	0.000000e+00	5.719200e-08	
174	5.744800e-08	0.000000e+00	0.000000e+00	5.744800e-08	
175	5.796000e-08	0.000000e+00	0.000000e+00	5.796000e-08	
176	5.896000e-08	0.000000e+00	0.000000e+00	5.896000e-08	
177	5.996000e-08	0.000000e+00	0.000000e+00	5.996000e-08	
178	6.000000e-08	0.000000e+00	0.000000e+00	6.000000e-08	
179	6.008000e-08	1.309091e-01	1.309091e-01	6.008000e-08	
180	6.024000e-08	3.927273e-01	3.927273e-01	6.024000e-08	
181	6.056000e-08	9.163636e-01	9.163636e-01	6.056000e-08	
182	6.100000e-08	1.636364e+00	1.636364e+00	6.100000e-08	
183	6.106400e-08	1.636364e+00	1.636364e+00	6.106400e-08	
184	6.119200e-08	1.636364e+00	1.636364e+00	6.119200e-08	
185	6.144800e-08	1.636364e+00	1.636364e+00	6.144800e-08	
186	6.196000e-08	1.636364e+00	1.636364e+00	6.196000e-08	
187	6.200000e-08	1.636364e+00	1.636364e+00	6.200000e-08	
188	6.208000e-08	1.636364e+00	1.636364e+00	6.208000e-08	
189	6.224000e-08	1.636364e+00	1.636364e+00	6.224000e-08	
190	6.256000e-08	1.636364e+00	1.636364e+00	6.256000e-08	
191	6.320000e-08	1.636364e+00	1.636364e+00	6.320000e-08	
192	6.420000e-08	1.636364e+00	1.636364e+00	6.420000e-08	
193	6.500000e-08	1.636364e+00	1.636364e+00	6.500000e-08	
194	6.510000e-08	1.636364e+00	1.636364e+00	6.510000e-08	
195	6.530000e-08	1.636364e+00	1.636364e+00	6.530000e-08	
196	6.570000e-08	1.636364e+00	1.636364e+00	6.570000e-08	
197	6.600000e-08	1.636364e+00	1.636364e+00	6.600000e-08	
198	6.608000e-08	1.636364e+00	1.636364e+00	6.608000e-08	
199	6.624000e-08	1.636364e+00	1.636364e+00	6.624000e-08	
200	6.656000e-08	1.636364e+00	1.636364e+00	6.656000e-08	
201	6.700000e-08	1.636364e+00	1.636364e+00	6.700000e-08	
202	6.706400e-08	1.636364e+00	1.636364e+00	6.706400e-08	
203	6.719200e-08	1.636364e+00	1.636364e+00	6.719200e-08	
204	6.744800e-08	1.636364e+00	1.636364e+00	6.744800e-08	
205	6.796000e-08	1.636364e+00	1.636364e+00	6.796000e-08	
206	6.896000e-08	1.636364e+00	1.636364e+00	6.896000e-08	
207	6.996000e-08	1.636364e+00	1.636364e+00	6.996000e-08	
208	7.000000e-08	1.636364e+00	1.636364e+00	7.000000e-08	
209	7.008000e-08	1.636364e+00	1.636364e+00	7.008000e-08	
210	7.024000e-08	1.636364e+00	1.636364e+00	7.024000e-08	
211	7.056000e-08	1.636364e+00	1.636364e+00	7.056000e-08	
212	7.100000e-08	1.636364e+00	1.636364e+00	7.100000e-08	
213	7.106400e-08	1.531636e+00	1.531636e+00	7.106400e-08	
214	7.119200e-08	1.322182e+00	1.322182e+00	7.119200e-08	
215	7.144800e-08	9.032727e-01	9.032727e-01	7.144800e-08	
216	7.196000e-08	6.545455e-02	6.545455e-02	7.196000e-08	
217	7.200000e-08	0.000000e+00	0.000000e+00	7.200000e-08	
218	7.208000e-08	0.000000e+00	0.000000e+00	7.208000e-08	
219	7.224000e-08	0.000000e+00	0.000000e+00	7.224000e-08	
220	7.256000e-08	0.000000e+00	0.000000e+00	7.256000e-08	
221	7.320000e-08	0.000000e+00	0.000000e+00	7.320000e-08	
222	7.420000e-08	0.000000e+00	0.000000e+00	7.420000e-08	
223	7.500000e-08	0.000000e+00	0.000000e+00	7.500000e-08	
224	7.510000e-08	0.000000e+00	0.000000e+00	7.510000e-08	
225	7.530000e-08	0.000000e+00	0.000000e+00	7.530000e-08	
226	7.570000e-08	0.000000e+00	0.000000e+00	7.570000e-08	
227	7.600000e-08	0.000000e+00	0.000000e+00	7.600000e-08	
228	7.608000e-08	0.000000e+00	0.000000e+00	7.608000e-08	

Index   time            s3              s4              time            
--------------------------------------------------------------------------------
229	7.624000e-08	0.000000e+00	0.000000e+00	7.624000e-08	
230	7.656000e-08	0.000000e+00	0.000000e+00	7.656000e-08	
231	7.700000e-08	0.000000e+00	0.000000e+00	7.700000e-08	
232	7.706400e-08	0.000000e+00	0.000000e+00	7.706400e-08	
233	7.719200e-08	0.000000e+00	0.000000e+00	7.719200e-08	
234	7.744800e-08	0.000000e+00	0.000000e+00	7.744800e-08	
235	7.796000e-08	0.000000e+00	0.000000e+00	7.796000e-08	
236	7.896000e-08	0.000000e+00	0.000000e+00	7.896000e-08	
237	7.996000e-08	0.000000e+00	0.000000e+00	7.996000e-08	
238	8.000000e-08	0.000000e+00	0.000000e+00	8.000000e-08	
239	8.008000e-08	1.309091e-01	1.309091e-01	8.008000e-08	
240	8.024000e-08	3.927273e-01	3.927273e-01	8.024000e-08	
241	8.056000e-08	9.163636e-01	9.163636e-01	8.056000e-08	
242	8.100000e-08	1.636364e+00	1.636364e+00	8.100000e-08	
243	8.106400e-08	1.636364e+00	1.636364e+00	8.106400e-08	
244	8.119200e-08	1.636364e+00	1.636364e+00	8.119200e-08	
245	8.144800e-08	1.636364e+00	1.636364e+00	8.144800e-08	
246	8.196000e-08	1.636364e+00	1.636364e+00	8.196000e-08	
247	8.200000e-08	1.636364e+00	1.636364e+00	8.200000e-08	
248	8.208000e-08	1.636364e+00	1.636364e+00	8.208000e-08	
249	8.224000e-08	1.636364e+00	1.636364e+00	8.224000e-08	
250	8.256000e-08	1.636364e+00	1.636364e+00	8.256000e-08	
251	8.320000e-08	1.636364e+00	1.636364e+00	8.320000e-08	
252	8.420000e-08	1.636364e+00	1.636364e+00	8.420000e-08	
253	8.500000e-08	1.636364e+00	1.636364e+00	8.500000e-08	
254	8.510000e-08	1.636364e+00	1.636364e+00	8.510000e-08	
255	8.530000e-08	1.636364e+00	1.636364e+00	8.530000e-08	
256	8.570000e-08	1.636364e+00	1.636364e+00	8.570000e-08	
257	8.600000e-08	1.636364e+00	1.636364e+00	8.600000e-08	
258	8.608000e-08	1.636364e+00	1.636364e+00	8.608000e-08	
259	8.624000e-08	1.636364e+00	1.636364e+00	8.624000e-08	
260	8.656000e-08	1.636364e+00	1.636364e+00	8.656000e-08	
261	8.700000e-08	1.636364e+00	1.636364e+00	8.700000e-08	
262	8.706400e-08	1.636364e+00	1.636364e+00	8.706400e-08	
263	8.719200e-08	1.636364e+00	1.636364e+00	8.719200e-08	
264	8.744800e-08	1.636364e+00	1.636364e+00	8.744800e-08	
265	8.796000e-08	1.636364e+00	1.636364e+00	8.796000e-08	
266	8.896000e-08	1.636364e+00	1.636364e+00	8.896000e-08	
267	8.996000e-08	1.636364e+00	1.636364e+00	8.996000e-08	
268	9.000000e-08	1.636364e+00	1.636364e+00	9.000000e-08	
269	9.008000e-08	1.636364e+00	1.636364e+00	9.008000e-08	
270	9.024000e-08	1.636364e+00	1.636364e+00	9.024000e-08	
271	9.056000e-08	1.636364e+00	1.636364e+00	9.056000e-08	
272	9.100000e-08	1.636364e+00	1.636364e+00	9.100000e-08	
273	9.106400e-08	1.531636e+00	1.531636e+00	9.106400e-08	
274	9.119200e-08	1.322182e+00	1.322182e+00	9.119200e-08	
275	9.144800e-08	9.032727e-01	9.032727e-01	9.144800e-08	
276	9.196000e-08	6.545455e-02	6.545455e-02	9.196000e-08	
277	9.200000e-08	0.000000e+00	0.000000e+00	9.200000e-08	
278	9.208000e-08	0.000000e+00	0.000000e+00	9.208000e-08	
279	9.224000e-08	0.000000e+00	0.000000e+00	9.224000e-08	
280	9.256000e-08	0.000000e+00	0.000000e+00	9.256000e-08	
281	9.320000e-08	0.000000e+00	0.000000e+00	9.320000e-08	
282	9.420000e-08	0.000000e+00	0.000000e+00	9.420000e-08	
283	9.500000e-08	0.000000e+00	0.000000e+00	9.500000e-08	
284	9.510000e-08	0.000000e+00	0.000000e+00	9.510000e-08	
285	9.530000e-08	0.000000e+00	0.000000e+00	9.530000e-08	
286	9.570000e-08	0.000000e+00	0.000000e+00	9.570000e-08	

Index   time            s3              s4              time            
--------------------------------------------------------------------------------
287	9.600000e-08	0.000000e+00	0.000000e+00	9.600000e-08	
288	9.608000e-08	0.000000e+00	0.000000e+00	9.608000e-08	
289	9.624000e-08	0.000000e+00	0.000000e+00	9.624000e-08	
290	9.656000e-08	0.000000e+00	0.000000e+00	9.656000e-08	
291	9.700000e-08	0.000000e+00	0.000000e+00	9.700000e-08	
292	9.706400e-08	0.000000e+00	0.000000e+00	9.706400e-08	
293	9.719200e-08	0.000000e+00	0.000000e+00	9.719200e-08	
294	9.744800e-08	0.000000e+00	0.000000e+00	9.744800e-08	
295	9.796000e-08	0.000000e+00	0.000000e+00	9.796000e-08	
296	9.896000e-08	0.000000e+00	0.000000e+00	9.896000e-08	
297	9.996000e-08	0.000000e+00	0.000000e+00	9.996000e-08	
298	1.000000e-07	0.000000e+00	0.000000e+00	1.000000e-07	

               * neurx hybrid memristor-spintronics system v0.02
               Transient Analysis  Fri Jun 28 12:54:27  2024
--------------------------------------------------------------------------------
Index   time            vcomp1#branch   vdd             vdd#branch      
--------------------------------------------------------------------------------
0	0.000000e+00	0.000000e+00	1.800000e+00	0.000000e+00	
1	1.000000e-11	0.000000e+00	1.800000e+00	0.000000e+00	
2	2.000000e-11	0.000000e+00	1.800000e+00	0.000000e+00	
3	4.000000e-11	0.000000e+00	1.800000e+00	0.000000e+00	
4	8.000000e-11	0.000000e+00	1.800000e+00	0.000000e+00	
5	1.600000e-10	0.000000e+00	1.800000e+00	0.000000e+00	
6	3.200000e-10	0.000000e+00	1.800000e+00	0.000000e+00	
7	6.400000e-10	0.000000e+00	1.800000e+00	0.000000e+00	
8	1.000000e-09	0.000000e+00	1.800000e+00	0.000000e+00	
9	1.064000e-09	0.000000e+00	1.800000e+00	0.000000e+00	
10	1.192000e-09	0.000000e+00	1.800000e+00	0.000000e+00	
11	1.448000e-09	0.000000e+00	1.800000e+00	0.000000e+00	
12	1.960000e-09	0.000000e+00	1.800000e+00	0.000000e+00	
13	2.960000e-09	0.000000e+00	1.800000e+00	0.000000e+00	
14	3.960000e-09	0.000000e+00	1.800000e+00	0.000000e+00	
15	4.960000e-09	0.000000e+00	1.800000e+00	0.000000e+00	
16	5.000000e-09	0.000000e+00	1.800000e+00	0.000000e+00	
17	5.080000e-09	0.000000e+00	1.800000e+00	0.000000e+00	
18	5.240000e-09	0.000000e+00	1.800000e+00	0.000000e+00	
19	5.560000e-09	0.000000e+00	1.800000e+00	0.000000e+00	
20	6.000000e-09	0.000000e+00	1.800000e+00	0.000000e+00	
21	6.064000e-09	0.000000e+00	1.800000e+00	0.000000e+00	
22	6.192000e-09	0.000000e+00	1.800000e+00	0.000000e+00	
23	6.448000e-09	0.000000e+00	1.800000e+00	0.000000e+00	
24	6.960000e-09	0.000000e+00	1.800000e+00	0.000000e+00	
25	7.960000e-09	0.000000e+00	1.800000e+00	0.000000e+00	
26	8.960000e-09	0.000000e+00	1.800000e+00	0.000000e+00	
27	9.960000e-09	0.000000e+00	1.800000e+00	0.000000e+00	
28	1.000000e-08	0.000000e+00	1.800000e+00	0.000000e+00	
29	1.008000e-08	-2.61818e-04	1.800000e+00	0.000000e+00	
30	1.024000e-08	-7.85455e-04	1.800000e+00	0.000000e+00	
31	1.056000e-08	-1.83273e-03	1.800000e+00	0.000000e+00	
32	1.100000e-08	-3.27273e-03	1.800000e+00	0.000000e+00	
33	1.106400e-08	-3.27273e-03	1.800000e+00	0.000000e+00	
34	1.119200e-08	-3.27273e-03	1.800000e+00	0.000000e+00	
35	1.144800e-08	-3.27273e-03	1.800000e+00	0.000000e+00	
36	1.196000e-08	-3.27273e-03	1.800000e+00	0.000000e+00	
37	1.200000e-08	-3.27273e-03	1.800000e+00	0.000000e+00	
38	1.208000e-08	-3.27273e-03	1.800000e+00	0.000000e+00	
39	1.224000e-08	-3.27273e-03	1.800000e+00	0.000000e+00	
40	1.256000e-08	-3.27273e-03	1.800000e+00	0.000000e+00	
41	1.320000e-08	-3.27273e-03	1.800000e+00	0.000000e+00	
42	1.420000e-08	-3.27273e-03	1.800000e+00	0.000000e+00	
43	1.500000e-08	-3.27273e-03	1.800000e+00	0.000000e+00	
44	1.510000e-08	-3.27273e-03	1.800000e+00	0.000000e+00	
45	1.530000e-08	-3.27273e-03	1.800000e+00	0.000000e+00	
46	1.570000e-08	-3.27273e-03	1.800000e+00	0.000000e+00	
47	1.600000e-08	-3.27273e-03	1.800000e+00	0.000000e+00	
48	1.608000e-08	-3.27273e-03	1.800000e+00	0.000000e+00	
49	1.624000e-08	-3.27273e-03	1.800000e+00	0.000000e+00	
50	1.656000e-08	-3.27273e-03	1.800000e+00	0.000000e+00	
51	1.700000e-08	-3.27273e-03	1.800000e+00	0.000000e+00	
52	1.706400e-08	-3.27273e-03	1.800000e+00	0.000000e+00	
53	1.719200e-08	-3.27273e-03	1.800000e+00	0.000000e+00	
54	1.744800e-08	-3.27273e-03	1.800000e+00	0.000000e+00	

Index   time            vcomp1#branch   vdd             vdd#branch      
--------------------------------------------------------------------------------
55	1.796000e-08	-3.27273e-03	1.800000e+00	0.000000e+00	
56	1.896000e-08	-3.27273e-03	1.800000e+00	0.000000e+00	
57	1.996000e-08	-3.27273e-03	1.800000e+00	0.000000e+00	
58	2.000000e-08	-3.27273e-03	1.800000e+00	0.000000e+00	
59	2.008000e-08	-3.27273e-03	1.800000e+00	0.000000e+00	
60	2.024000e-08	-3.27273e-03	1.800000e+00	0.000000e+00	
61	2.056000e-08	-3.27273e-03	1.800000e+00	0.000000e+00	
62	2.100000e-08	-3.27273e-03	1.800000e+00	0.000000e+00	
63	2.106400e-08	-3.06327e-03	1.800000e+00	0.000000e+00	
64	2.119200e-08	-2.64436e-03	1.800000e+00	0.000000e+00	
65	2.144800e-08	-1.80655e-03	1.800000e+00	0.000000e+00	
66	2.196000e-08	-1.30909e-04	1.800000e+00	0.000000e+00	
67	2.200000e-08	0.000000e+00	1.800000e+00	0.000000e+00	
68	2.208000e-08	0.000000e+00	1.800000e+00	0.000000e+00	
69	2.224000e-08	0.000000e+00	1.800000e+00	0.000000e+00	
70	2.256000e-08	0.000000e+00	1.800000e+00	0.000000e+00	
71	2.320000e-08	0.000000e+00	1.800000e+00	0.000000e+00	
72	2.420000e-08	0.000000e+00	1.800000e+00	0.000000e+00	
73	2.500000e-08	0.000000e+00	1.800000e+00	0.000000e+00	
74	2.510000e-08	0.000000e+00	1.800000e+00	0.000000e+00	
75	2.530000e-08	0.000000e+00	1.800000e+00	0.000000e+00	
76	2.570000e-08	0.000000e+00	1.800000e+00	0.000000e+00	
77	2.600000e-08	0.000000e+00	1.800000e+00	0.000000e+00	
78	2.608000e-08	0.000000e+00	1.800000e+00	0.000000e+00	
79	2.624000e-08	0.000000e+00	1.800000e+00	0.000000e+00	
80	2.656000e-08	0.000000e+00	1.800000e+00	0.000000e+00	
81	2.700000e-08	0.000000e+00	1.800000e+00	0.000000e+00	
82	2.706400e-08	0.000000e+00	1.800000e+00	0.000000e+00	
83	2.719200e-08	0.000000e+00	1.800000e+00	0.000000e+00	
84	2.744800e-08	0.000000e+00	1.800000e+00	0.000000e+00	
85	2.796000e-08	0.000000e+00	1.800000e+00	0.000000e+00	
86	2.896000e-08	0.000000e+00	1.800000e+00	0.000000e+00	
87	2.996000e-08	0.000000e+00	1.800000e+00	0.000000e+00	
88	3.000000e-08	-1.08285e-17	1.800000e+00	0.000000e+00	
89	3.008000e-08	-2.61818e-04	1.800000e+00	0.000000e+00	
90	3.024000e-08	-7.85455e-04	1.800000e+00	0.000000e+00	
91	3.056000e-08	-1.83273e-03	1.800000e+00	0.000000e+00	
92	3.100000e-08	-3.27273e-03	1.800000e+00	0.000000e+00	
93	3.106400e-08	-3.27273e-03	1.800000e+00	0.000000e+00	
94	3.119200e-08	-3.27273e-03	1.800000e+00	0.000000e+00	
95	3.144800e-08	-3.27273e-03	1.800000e+00	0.000000e+00	
96	3.196000e-08	-3.27273e-03	1.800000e+00	0.000000e+00	
97	3.200000e-08	-3.27273e-03	1.800000e+00	0.000000e+00	
98	3.208000e-08	-3.27273e-03	1.800000e+00	0.000000e+00	
99	3.224000e-08	-3.27273e-03	1.800000e+00	0.000000e+00	
100	3.256000e-08	-3.27273e-03	1.800000e+00	0.000000e+00	
101	3.320000e-08	-3.27273e-03	1.800000e+00	0.000000e+00	
102	3.420000e-08	-3.27273e-03	1.800000e+00	0.000000e+00	
103	3.500000e-08	-3.27273e-03	1.800000e+00	0.000000e+00	
104	3.510000e-08	-3.27273e-03	1.800000e+00	0.000000e+00	
105	3.530000e-08	-3.27273e-03	1.800000e+00	0.000000e+00	
106	3.570000e-08	-3.27273e-03	1.800000e+00	0.000000e+00	
107	3.600000e-08	-3.27273e-03	1.800000e+00	0.000000e+00	
108	3.608000e-08	-3.27273e-03	1.800000e+00	0.000000e+00	
109	3.624000e-08	-3.27273e-03	1.800000e+00	0.000000e+00	
110	3.656000e-08	-3.27273e-03	1.800000e+00	0.000000e+00	
111	3.700000e-08	-3.27273e-03	1.800000e+00	0.000000e+00	
112	3.706400e-08	-3.27273e-03	1.800000e+00	0.000000e+00	

Index   time            vcomp1#branch   vdd             vdd#branch      
--------------------------------------------------------------------------------
113	3.719200e-08	-3.27273e-03	1.800000e+00	0.000000e+00	
114	3.744800e-08	-3.27273e-03	1.800000e+00	0.000000e+00	
115	3.796000e-08	-3.27273e-03	1.800000e+00	0.000000e+00	
116	3.896000e-08	-3.27273e-03	1.800000e+00	0.000000e+00	
117	3.996000e-08	-3.27273e-03	1.800000e+00	0.000000e+00	
118	4.000000e-08	-3.27273e-03	1.800000e+00	0.000000e+00	
119	4.008000e-08	-3.27273e-03	1.800000e+00	0.000000e+00	
120	4.024000e-08	-3.27273e-03	1.800000e+00	0.000000e+00	
121	4.056000e-08	-3.27273e-03	1.800000e+00	0.000000e+00	
122	4.100000e-08	-3.27273e-03	1.800000e+00	0.000000e+00	
123	4.106400e-08	-3.06327e-03	1.800000e+00	0.000000e+00	
124	4.119200e-08	-2.64436e-03	1.800000e+00	0.000000e+00	
125	4.144800e-08	-1.80655e-03	1.800000e+00	0.000000e+00	
126	4.196000e-08	-1.30909e-04	1.800000e+00	0.000000e+00	
127	4.200000e-08	-1.93784e-17	1.800000e+00	0.000000e+00	
128	4.208000e-08	0.000000e+00	1.800000e+00	0.000000e+00	
129	4.224000e-08	0.000000e+00	1.800000e+00	0.000000e+00	
130	4.256000e-08	0.000000e+00	1.800000e+00	0.000000e+00	
131	4.320000e-08	0.000000e+00	1.800000e+00	0.000000e+00	
132	4.420000e-08	0.000000e+00	1.800000e+00	0.000000e+00	
133	4.500000e-08	0.000000e+00	1.800000e+00	0.000000e+00	
134	4.510000e-08	0.000000e+00	1.800000e+00	0.000000e+00	
135	4.530000e-08	0.000000e+00	1.800000e+00	0.000000e+00	
136	4.570000e-08	0.000000e+00	1.800000e+00	0.000000e+00	
137	4.600000e-08	0.000000e+00	1.800000e+00	0.000000e+00	
138	4.608000e-08	0.000000e+00	1.800000e+00	0.000000e+00	
139	4.624000e-08	0.000000e+00	1.800000e+00	0.000000e+00	
140	4.656000e-08	0.000000e+00	1.800000e+00	0.000000e+00	
141	4.700000e-08	0.000000e+00	1.800000e+00	0.000000e+00	
142	4.706400e-08	0.000000e+00	1.800000e+00	0.000000e+00	
143	4.719200e-08	0.000000e+00	1.800000e+00	0.000000e+00	
144	4.744800e-08	0.000000e+00	1.800000e+00	0.000000e+00	
145	4.796000e-08	0.000000e+00	1.800000e+00	0.000000e+00	
146	4.896000e-08	0.000000e+00	1.800000e+00	0.000000e+00	
147	4.996000e-08	0.000000e+00	1.800000e+00	0.000000e+00	
148	5.000000e-08	0.000000e+00	1.800000e+00	0.000000e+00	
149	5.008000e-08	-2.61818e-04	1.800000e+00	0.000000e+00	
150	5.024000e-08	-7.85455e-04	1.800000e+00	0.000000e+00	
151	5.056000e-08	-1.83273e-03	1.800000e+00	0.000000e+00	
152	5.100000e-08	-3.27273e-03	1.800000e+00	0.000000e+00	
153	5.106400e-08	-3.27273e-03	1.800000e+00	0.000000e+00	
154	5.119200e-08	-3.27273e-03	1.800000e+00	0.000000e+00	
155	5.144800e-08	-3.27273e-03	1.800000e+00	0.000000e+00	
156	5.196000e-08	-3.27273e-03	1.800000e+00	0.000000e+00	
157	5.200000e-08	-3.27273e-03	1.800000e+00	0.000000e+00	
158	5.208000e-08	-3.27273e-03	1.800000e+00	0.000000e+00	
159	5.224000e-08	-3.27273e-03	1.800000e+00	0.000000e+00	
160	5.256000e-08	-3.27273e-03	1.800000e+00	0.000000e+00	
161	5.320000e-08	-3.27273e-03	1.800000e+00	0.000000e+00	
162	5.420000e-08	-3.27273e-03	1.800000e+00	0.000000e+00	
163	5.500000e-08	-3.27273e-03	1.800000e+00	0.000000e+00	
164	5.510000e-08	-3.27273e-03	1.800000e+00	0.000000e+00	
165	5.530000e-08	-3.27273e-03	1.800000e+00	0.000000e+00	
166	5.570000e-08	-3.27273e-03	1.800000e+00	0.000000e+00	
167	5.600000e-08	-3.27273e-03	1.800000e+00	0.000000e+00	
168	5.608000e-08	-3.27273e-03	1.800000e+00	0.000000e+00	
169	5.624000e-08	-3.27273e-03	1.800000e+00	0.000000e+00	
170	5.656000e-08	-3.27273e-03	1.800000e+00	0.000000e+00	

Index   time            vcomp1#branch   vdd             vdd#branch      
--------------------------------------------------------------------------------
171	5.700000e-08	-3.27273e-03	1.800000e+00	0.000000e+00	
172	5.706400e-08	-3.27273e-03	1.800000e+00	0.000000e+00	
173	5.719200e-08	-3.27273e-03	1.800000e+00	0.000000e+00	
174	5.744800e-08	-3.27273e-03	1.800000e+00	0.000000e+00	
175	5.796000e-08	-3.27273e-03	1.800000e+00	0.000000e+00	
176	5.896000e-08	-3.27273e-03	1.800000e+00	0.000000e+00	
177	5.996000e-08	-3.27273e-03	1.800000e+00	0.000000e+00	
178	6.000000e-08	-3.27273e-03	1.800000e+00	0.000000e+00	
179	6.008000e-08	-3.27273e-03	1.800000e+00	0.000000e+00	
180	6.024000e-08	-3.27273e-03	1.800000e+00	0.000000e+00	
181	6.056000e-08	-3.27273e-03	1.800000e+00	0.000000e+00	
182	6.100000e-08	-3.27273e-03	1.800000e+00	0.000000e+00	
183	6.106400e-08	-3.06327e-03	1.800000e+00	0.000000e+00	
184	6.119200e-08	-2.64436e-03	1.800000e+00	0.000000e+00	
185	6.144800e-08	-1.80655e-03	1.800000e+00	0.000000e+00	
186	6.196000e-08	-1.30909e-04	1.800000e+00	0.000000e+00	
187	6.200000e-08	0.000000e+00	1.800000e+00	0.000000e+00	
188	6.208000e-08	0.000000e+00	1.800000e+00	0.000000e+00	
189	6.224000e-08	0.000000e+00	1.800000e+00	0.000000e+00	
190	6.256000e-08	0.000000e+00	1.800000e+00	0.000000e+00	
191	6.320000e-08	0.000000e+00	1.800000e+00	0.000000e+00	
192	6.420000e-08	0.000000e+00	1.800000e+00	0.000000e+00	
193	6.500000e-08	0.000000e+00	1.800000e+00	0.000000e+00	
194	6.510000e-08	0.000000e+00	1.800000e+00	0.000000e+00	
195	6.530000e-08	0.000000e+00	1.800000e+00	0.000000e+00	
196	6.570000e-08	0.000000e+00	1.800000e+00	0.000000e+00	
197	6.600000e-08	0.000000e+00	1.800000e+00	0.000000e+00	
198	6.608000e-08	0.000000e+00	1.800000e+00	0.000000e+00	
199	6.624000e-08	0.000000e+00	1.800000e+00	0.000000e+00	
200	6.656000e-08	0.000000e+00	1.800000e+00	0.000000e+00	
201	6.700000e-08	0.000000e+00	1.800000e+00	0.000000e+00	
202	6.706400e-08	0.000000e+00	1.800000e+00	0.000000e+00	
203	6.719200e-08	0.000000e+00	1.800000e+00	0.000000e+00	
204	6.744800e-08	0.000000e+00	1.800000e+00	0.000000e+00	
205	6.796000e-08	0.000000e+00	1.800000e+00	0.000000e+00	
206	6.896000e-08	0.000000e+00	1.800000e+00	0.000000e+00	
207	6.996000e-08	0.000000e+00	1.800000e+00	0.000000e+00	
208	7.000000e-08	0.000000e+00	1.800000e+00	0.000000e+00	
209	7.008000e-08	-2.61818e-04	1.800000e+00	0.000000e+00	
210	7.024000e-08	-7.85455e-04	1.800000e+00	0.000000e+00	
211	7.056000e-08	-1.83273e-03	1.800000e+00	0.000000e+00	
212	7.100000e-08	-3.27273e-03	1.800000e+00	0.000000e+00	
213	7.106400e-08	-3.27273e-03	1.800000e+00	0.000000e+00	
214	7.119200e-08	-3.27273e-03	1.800000e+00	0.000000e+00	
215	7.144800e-08	-3.27273e-03	1.800000e+00	0.000000e+00	
216	7.196000e-08	-3.27273e-03	1.800000e+00	0.000000e+00	
217	7.200000e-08	-3.27273e-03	1.800000e+00	0.000000e+00	
218	7.208000e-08	-3.27273e-03	1.800000e+00	0.000000e+00	
219	7.224000e-08	-3.27273e-03	1.800000e+00	0.000000e+00	
220	7.256000e-08	-3.27273e-03	1.800000e+00	0.000000e+00	
221	7.320000e-08	-3.27273e-03	1.800000e+00	0.000000e+00	
222	7.420000e-08	-3.27273e-03	1.800000e+00	0.000000e+00	
223	7.500000e-08	-3.27273e-03	1.800000e+00	0.000000e+00	
224	7.510000e-08	-3.27273e-03	1.800000e+00	0.000000e+00	
225	7.530000e-08	-3.27273e-03	1.800000e+00	0.000000e+00	
226	7.570000e-08	-3.27273e-03	1.800000e+00	0.000000e+00	
227	7.600000e-08	-3.27273e-03	1.800000e+00	0.000000e+00	
228	7.608000e-08	-3.27273e-03	1.800000e+00	0.000000e+00	

Index   time            vcomp1#branch   vdd             vdd#branch      
--------------------------------------------------------------------------------
229	7.624000e-08	-3.27273e-03	1.800000e+00	0.000000e+00	
230	7.656000e-08	-3.27273e-03	1.800000e+00	0.000000e+00	
231	7.700000e-08	-3.27273e-03	1.800000e+00	0.000000e+00	
232	7.706400e-08	-3.27273e-03	1.800000e+00	0.000000e+00	
233	7.719200e-08	-3.27273e-03	1.800000e+00	0.000000e+00	
234	7.744800e-08	-3.27273e-03	1.800000e+00	0.000000e+00	
235	7.796000e-08	-3.27273e-03	1.800000e+00	0.000000e+00	
236	7.896000e-08	-3.27273e-03	1.800000e+00	0.000000e+00	
237	7.996000e-08	-3.27273e-03	1.800000e+00	0.000000e+00	
238	8.000000e-08	-3.27273e-03	1.800000e+00	0.000000e+00	
239	8.008000e-08	-3.27273e-03	1.800000e+00	0.000000e+00	
240	8.024000e-08	-3.27273e-03	1.800000e+00	0.000000e+00	
241	8.056000e-08	-3.27273e-03	1.800000e+00	0.000000e+00	
242	8.100000e-08	-3.27273e-03	1.800000e+00	0.000000e+00	
243	8.106400e-08	-3.06327e-03	1.800000e+00	0.000000e+00	
244	8.119200e-08	-2.64436e-03	1.800000e+00	0.000000e+00	
245	8.144800e-08	-1.80655e-03	1.800000e+00	0.000000e+00	
246	8.196000e-08	-1.30909e-04	1.800000e+00	0.000000e+00	
247	8.200000e-08	0.000000e+00	1.800000e+00	0.000000e+00	
248	8.208000e-08	0.000000e+00	1.800000e+00	0.000000e+00	
249	8.224000e-08	0.000000e+00	1.800000e+00	0.000000e+00	
250	8.256000e-08	0.000000e+00	1.800000e+00	0.000000e+00	
251	8.320000e-08	0.000000e+00	1.800000e+00	0.000000e+00	
252	8.420000e-08	0.000000e+00	1.800000e+00	0.000000e+00	
253	8.500000e-08	0.000000e+00	1.800000e+00	0.000000e+00	
254	8.510000e-08	0.000000e+00	1.800000e+00	0.000000e+00	
255	8.530000e-08	0.000000e+00	1.800000e+00	0.000000e+00	
256	8.570000e-08	0.000000e+00	1.800000e+00	0.000000e+00	
257	8.600000e-08	0.000000e+00	1.800000e+00	0.000000e+00	
258	8.608000e-08	0.000000e+00	1.800000e+00	0.000000e+00	
259	8.624000e-08	0.000000e+00	1.800000e+00	0.000000e+00	
260	8.656000e-08	0.000000e+00	1.800000e+00	0.000000e+00	
261	8.700000e-08	0.000000e+00	1.800000e+00	0.000000e+00	
262	8.706400e-08	0.000000e+00	1.800000e+00	0.000000e+00	
263	8.719200e-08	0.000000e+00	1.800000e+00	0.000000e+00	
264	8.744800e-08	0.000000e+00	1.800000e+00	0.000000e+00	
265	8.796000e-08	0.000000e+00	1.800000e+00	0.000000e+00	
266	8.896000e-08	0.000000e+00	1.800000e+00	0.000000e+00	
267	8.996000e-08	0.000000e+00	1.800000e+00	0.000000e+00	
268	9.000000e-08	-4.33142e-17	1.800000e+00	0.000000e+00	
269	9.008000e-08	-2.61818e-04	1.800000e+00	0.000000e+00	
270	9.024000e-08	-7.85455e-04	1.800000e+00	0.000000e+00	
271	9.056000e-08	-1.83273e-03	1.800000e+00	0.000000e+00	
272	9.100000e-08	-3.27273e-03	1.800000e+00	0.000000e+00	
273	9.106400e-08	-3.27273e-03	1.800000e+00	0.000000e+00	
274	9.119200e-08	-3.27273e-03	1.800000e+00	0.000000e+00	
275	9.144800e-08	-3.27273e-03	1.800000e+00	0.000000e+00	
276	9.196000e-08	-3.27273e-03	1.800000e+00	0.000000e+00	
277	9.200000e-08	-3.27273e-03	1.800000e+00	0.000000e+00	
278	9.208000e-08	-3.27273e-03	1.800000e+00	0.000000e+00	
279	9.224000e-08	-3.27273e-03	1.800000e+00	0.000000e+00	
280	9.256000e-08	-3.27273e-03	1.800000e+00	0.000000e+00	
281	9.320000e-08	-3.27273e-03	1.800000e+00	0.000000e+00	
282	9.420000e-08	-3.27273e-03	1.800000e+00	0.000000e+00	
283	9.500000e-08	-3.27273e-03	1.800000e+00	0.000000e+00	
284	9.510000e-08	-3.27273e-03	1.800000e+00	0.000000e+00	
285	9.530000e-08	-3.27273e-03	1.800000e+00	0.000000e+00	
286	9.570000e-08	-3.27273e-03	1.800000e+00	0.000000e+00	

Index   time            vcomp1#branch   vdd             vdd#branch      
--------------------------------------------------------------------------------
287	9.600000e-08	-3.27273e-03	1.800000e+00	0.000000e+00	
288	9.608000e-08	-3.27273e-03	1.800000e+00	0.000000e+00	
289	9.624000e-08	-3.27273e-03	1.800000e+00	0.000000e+00	
290	9.656000e-08	-3.27273e-03	1.800000e+00	0.000000e+00	
291	9.700000e-08	-3.27273e-03	1.800000e+00	0.000000e+00	
292	9.706400e-08	-3.27273e-03	1.800000e+00	0.000000e+00	
293	9.719200e-08	-3.27273e-03	1.800000e+00	0.000000e+00	
294	9.744800e-08	-3.27273e-03	1.800000e+00	0.000000e+00	
295	9.796000e-08	-3.27273e-03	1.800000e+00	0.000000e+00	
296	9.896000e-08	-3.27273e-03	1.800000e+00	0.000000e+00	
297	9.996000e-08	-3.27273e-03	1.800000e+00	0.000000e+00	
298	1.000000e-07	-3.27273e-03	1.800000e+00	0.000000e+00	

               * neurx hybrid memristor-spintronics system v0.02
               Transient Analysis  Fri Jun 28 12:54:27  2024
--------------------------------------------------------------------------------
Index   time            vspin1#branch   vspin2#branch   vstore1#branch  
--------------------------------------------------------------------------------
0	0.000000e+00	0.000000e+00	0.000000e+00	0.000000e+00	
1	1.000000e-11	0.000000e+00	0.000000e+00	-3.27273e-05	
2	2.000000e-11	0.000000e+00	0.000000e+00	-6.54545e-05	
3	4.000000e-11	0.000000e+00	0.000000e+00	-1.30909e-04	
4	8.000000e-11	0.000000e+00	0.000000e+00	-2.61818e-04	
5	1.600000e-10	0.000000e+00	0.000000e+00	-5.23636e-04	
6	3.200000e-10	0.000000e+00	0.000000e+00	-1.04727e-03	
7	6.400000e-10	0.000000e+00	0.000000e+00	-2.09455e-03	
8	1.000000e-09	0.000000e+00	0.000000e+00	-3.27273e-03	
9	1.064000e-09	0.000000e+00	0.000000e+00	-3.27273e-03	
10	1.192000e-09	0.000000e+00	0.000000e+00	-3.27273e-03	
11	1.448000e-09	0.000000e+00	0.000000e+00	-3.27273e-03	
12	1.960000e-09	0.000000e+00	0.000000e+00	-3.27273e-03	
13	2.960000e-09	0.000000e+00	0.000000e+00	-3.27273e-03	
14	3.960000e-09	0.000000e+00	0.000000e+00	-3.27273e-03	
15	4.960000e-09	0.000000e+00	0.000000e+00	-3.27273e-03	
16	5.000000e-09	0.000000e+00	0.000000e+00	-3.27273e-03	
17	5.080000e-09	-2.88000e-04	0.000000e+00	-3.27273e-03	
18	5.240000e-09	-8.64000e-04	0.000000e+00	-3.27273e-03	
19	5.560000e-09	-2.01600e-03	0.000000e+00	-3.27273e-03	
20	6.000000e-09	-3.60000e-03	0.000000e+00	-3.27273e-03	
21	6.064000e-09	-3.60000e-03	0.000000e+00	-3.27273e-03	
22	6.192000e-09	-3.60000e-03	0.000000e+00	-3.27273e-03	
23	6.448000e-09	-3.60000e-03	0.000000e+00	-3.27273e-03	
24	6.960000e-09	-3.60000e-03	0.000000e+00	-3.27273e-03	
25	7.960000e-09	-3.60000e-03	0.000000e+00	-3.27273e-03	
26	8.960000e-09	-3.60000e-03	0.000000e+00	-3.27273e-03	
27	9.960000e-09	-3.60000e-03	0.000000e+00	-3.27273e-03	
28	1.000000e-08	-3.60000e-03	0.000000e+00	-3.27273e-03	
29	1.008000e-08	-3.60000e-03	0.000000e+00	-3.27273e-03	
30	1.024000e-08	-3.60000e-03	0.000000e+00	-3.27273e-03	
31	1.056000e-08	-3.60000e-03	0.000000e+00	-3.27273e-03	
32	1.100000e-08	-3.60000e-03	0.000000e+00	-3.27273e-03	
33	1.106400e-08	-3.60000e-03	0.000000e+00	-3.06327e-03	
34	1.119200e-08	-3.60000e-03	0.000000e+00	-2.64436e-03	
35	1.144800e-08	-3.60000e-03	0.000000e+00	-1.80655e-03	
36	1.196000e-08	-3.60000e-03	0.000000e+00	-1.30909e-04	
37	1.200000e-08	-3.60000e-03	0.000000e+00	0.000000e+00	
38	1.208000e-08	-3.60000e-03	0.000000e+00	0.000000e+00	
39	1.224000e-08	-3.60000e-03	0.000000e+00	0.000000e+00	
40	1.256000e-08	-3.60000e-03	0.000000e+00	0.000000e+00	
41	1.320000e-08	-3.60000e-03	0.000000e+00	0.000000e+00	
42	1.420000e-08	-3.60000e-03	0.000000e+00	0.000000e+00	
43	1.500000e-08	-3.60000e-03	0.000000e+00	0.000000e+00	
44	1.510000e-08	-3.60000e-03	-3.60000e-04	0.000000e+00	
45	1.530000e-08	-3.60000e-03	-1.08000e-03	0.000000e+00	
46	1.570000e-08	-3.60000e-03	-2.52000e-03	0.000000e+00	
47	1.600000e-08	-3.60000e-03	-3.60000e-03	0.000000e+00	
48	1.608000e-08	-3.31200e-03	-3.60000e-03	0.000000e+00	
49	1.624000e-08	-2.73600e-03	-3.60000e-03	0.000000e+00	
50	1.656000e-08	-1.58400e-03	-3.60000e-03	0.000000e+00	
51	1.700000e-08	-3.55271e-18	-3.60000e-03	0.000000e+00	
52	1.706400e-08	0.000000e+00	-3.60000e-03	0.000000e+00	
53	1.719200e-08	0.000000e+00	-3.60000e-03	0.000000e+00	
54	1.744800e-08	0.000000e+00	-3.60000e-03	0.000000e+00	

Index   time            vspin1#branch   vspin2#branch   vstore1#branch  
--------------------------------------------------------------------------------
55	1.796000e-08	0.000000e+00	-3.60000e-03	0.000000e+00	
56	1.896000e-08	0.000000e+00	-3.60000e-03	0.000000e+00	
57	1.996000e-08	0.000000e+00	-3.60000e-03	0.000000e+00	
58	2.000000e-08	0.000000e+00	-3.60000e-03	0.000000e+00	
59	2.008000e-08	0.000000e+00	-3.60000e-03	-2.61818e-04	
60	2.024000e-08	0.000000e+00	-3.60000e-03	-7.85455e-04	
61	2.056000e-08	0.000000e+00	-3.60000e-03	-1.83273e-03	
62	2.100000e-08	0.000000e+00	-3.60000e-03	-3.27273e-03	
63	2.106400e-08	0.000000e+00	-3.60000e-03	-3.27273e-03	
64	2.119200e-08	0.000000e+00	-3.60000e-03	-3.27273e-03	
65	2.144800e-08	0.000000e+00	-3.60000e-03	-3.27273e-03	
66	2.196000e-08	0.000000e+00	-3.60000e-03	-3.27273e-03	
67	2.200000e-08	0.000000e+00	-3.60000e-03	-3.27273e-03	
68	2.208000e-08	0.000000e+00	-3.60000e-03	-3.27273e-03	
69	2.224000e-08	0.000000e+00	-3.60000e-03	-3.27273e-03	
70	2.256000e-08	0.000000e+00	-3.60000e-03	-3.27273e-03	
71	2.320000e-08	0.000000e+00	-3.60000e-03	-3.27273e-03	
72	2.420000e-08	0.000000e+00	-3.60000e-03	-3.27273e-03	
73	2.500000e-08	0.000000e+00	-3.60000e-03	-3.27273e-03	
74	2.510000e-08	-3.60000e-04	-3.60000e-03	-3.27273e-03	
75	2.530000e-08	-1.08000e-03	-3.60000e-03	-3.27273e-03	
76	2.570000e-08	-2.52000e-03	-3.60000e-03	-3.27273e-03	
77	2.600000e-08	-3.60000e-03	-3.60000e-03	-3.27273e-03	
78	2.608000e-08	-3.60000e-03	-3.31200e-03	-3.27273e-03	
79	2.624000e-08	-3.60000e-03	-2.73600e-03	-3.27273e-03	
80	2.656000e-08	-3.60000e-03	-1.58400e-03	-3.27273e-03	
81	2.700000e-08	-3.60000e-03	0.000000e+00	-3.27273e-03	
82	2.706400e-08	-3.60000e-03	0.000000e+00	-3.27273e-03	
83	2.719200e-08	-3.60000e-03	0.000000e+00	-3.27273e-03	
84	2.744800e-08	-3.60000e-03	0.000000e+00	-3.27273e-03	
85	2.796000e-08	-3.60000e-03	0.000000e+00	-3.27273e-03	
86	2.896000e-08	-3.60000e-03	0.000000e+00	-3.27273e-03	
87	2.996000e-08	-3.60000e-03	0.000000e+00	-3.27273e-03	
88	3.000000e-08	-3.60000e-03	0.000000e+00	-3.27273e-03	
89	3.008000e-08	-3.60000e-03	0.000000e+00	-3.27273e-03	
90	3.024000e-08	-3.60000e-03	0.000000e+00	-3.27273e-03	
91	3.056000e-08	-3.60000e-03	0.000000e+00	-3.27273e-03	
92	3.100000e-08	-3.60000e-03	0.000000e+00	-3.27273e-03	
93	3.106400e-08	-3.60000e-03	0.000000e+00	-3.06327e-03	
94	3.119200e-08	-3.60000e-03	0.000000e+00	-2.64436e-03	
95	3.144800e-08	-3.60000e-03	0.000000e+00	-1.80655e-03	
96	3.196000e-08	-3.60000e-03	0.000000e+00	-1.30909e-04	
97	3.200000e-08	-3.60000e-03	0.000000e+00	0.000000e+00	
98	3.208000e-08	-3.60000e-03	0.000000e+00	0.000000e+00	
99	3.224000e-08	-3.60000e-03	0.000000e+00	0.000000e+00	
100	3.256000e-08	-3.60000e-03	0.000000e+00	0.000000e+00	
101	3.320000e-08	-3.60000e-03	0.000000e+00	0.000000e+00	
102	3.420000e-08	-3.60000e-03	0.000000e+00	0.000000e+00	
103	3.500000e-08	-3.60000e-03	0.000000e+00	0.000000e+00	
104	3.510000e-08	-3.60000e-03	-3.60000e-04	0.000000e+00	
105	3.530000e-08	-3.60000e-03	-1.08000e-03	0.000000e+00	
106	3.570000e-08	-3.60000e-03	-2.52000e-03	0.000000e+00	
107	3.600000e-08	-3.60000e-03	-3.60000e-03	0.000000e+00	
108	3.608000e-08	-3.31200e-03	-3.60000e-03	0.000000e+00	
109	3.624000e-08	-2.73600e-03	-3.60000e-03	0.000000e+00	
110	3.656000e-08	-1.58400e-03	-3.60000e-03	0.000000e+00	
111	3.700000e-08	0.000000e+00	-3.60000e-03	0.000000e+00	
112	3.706400e-08	0.000000e+00	-3.60000e-03	0.000000e+00	

Index   time            vspin1#branch   vspin2#branch   vstore1#branch  
--------------------------------------------------------------------------------
113	3.719200e-08	0.000000e+00	-3.60000e-03	0.000000e+00	
114	3.744800e-08	0.000000e+00	-3.60000e-03	0.000000e+00	
115	3.796000e-08	0.000000e+00	-3.60000e-03	0.000000e+00	
116	3.896000e-08	0.000000e+00	-3.60000e-03	0.000000e+00	
117	3.996000e-08	0.000000e+00	-3.60000e-03	0.000000e+00	
118	4.000000e-08	0.000000e+00	-3.60000e-03	0.000000e+00	
119	4.008000e-08	0.000000e+00	-3.60000e-03	-2.61818e-04	
120	4.024000e-08	0.000000e+00	-3.60000e-03	-7.85455e-04	
121	4.056000e-08	0.000000e+00	-3.60000e-03	-1.83273e-03	
122	4.100000e-08	0.000000e+00	-3.60000e-03	-3.27273e-03	
123	4.106400e-08	0.000000e+00	-3.60000e-03	-3.27273e-03	
124	4.119200e-08	0.000000e+00	-3.60000e-03	-3.27273e-03	
125	4.144800e-08	0.000000e+00	-3.60000e-03	-3.27273e-03	
126	4.196000e-08	0.000000e+00	-3.60000e-03	-3.27273e-03	
127	4.200000e-08	0.000000e+00	-3.60000e-03	-3.27273e-03	
128	4.208000e-08	0.000000e+00	-3.60000e-03	-3.27273e-03	
129	4.224000e-08	0.000000e+00	-3.60000e-03	-3.27273e-03	
130	4.256000e-08	0.000000e+00	-3.60000e-03	-3.27273e-03	
131	4.320000e-08	0.000000e+00	-3.60000e-03	-3.27273e-03	
132	4.420000e-08	0.000000e+00	-3.60000e-03	-3.27273e-03	
133	4.500000e-08	0.000000e+00	-3.60000e-03	-3.27273e-03	
134	4.510000e-08	-3.60000e-04	-3.60000e-03	-3.27273e-03	
135	4.530000e-08	-1.08000e-03	-3.60000e-03	-3.27273e-03	
136	4.570000e-08	-2.52000e-03	-3.60000e-03	-3.27273e-03	
137	4.600000e-08	-3.60000e-03	-3.60000e-03	-3.27273e-03	
138	4.608000e-08	-3.60000e-03	-3.31200e-03	-3.27273e-03	
139	4.624000e-08	-3.60000e-03	-2.73600e-03	-3.27273e-03	
140	4.656000e-08	-3.60000e-03	-1.58400e-03	-3.27273e-03	
141	4.700000e-08	-3.60000e-03	0.000000e+00	-3.27273e-03	
142	4.706400e-08	-3.60000e-03	0.000000e+00	-3.27273e-03	
143	4.719200e-08	-3.60000e-03	0.000000e+00	-3.27273e-03	
144	4.744800e-08	-3.60000e-03	0.000000e+00	-3.27273e-03	
145	4.796000e-08	-3.60000e-03	0.000000e+00	-3.27273e-03	
146	4.896000e-08	-3.60000e-03	0.000000e+00	-3.27273e-03	
147	4.996000e-08	-3.60000e-03	0.000000e+00	-3.27273e-03	
148	5.000000e-08	-3.60000e-03	0.000000e+00	-3.27273e-03	
149	5.008000e-08	-3.60000e-03	0.000000e+00	-3.27273e-03	
150	5.024000e-08	-3.60000e-03	0.000000e+00	-3.27273e-03	
151	5.056000e-08	-3.60000e-03	0.000000e+00	-3.27273e-03	
152	5.100000e-08	-3.60000e-03	0.000000e+00	-3.27273e-03	
153	5.106400e-08	-3.60000e-03	0.000000e+00	-3.06327e-03	
154	5.119200e-08	-3.60000e-03	0.000000e+00	-2.64436e-03	
155	5.144800e-08	-3.60000e-03	0.000000e+00	-1.80655e-03	
156	5.196000e-08	-3.60000e-03	0.000000e+00	-1.30909e-04	
157	5.200000e-08	-3.60000e-03	0.000000e+00	0.000000e+00	
158	5.208000e-08	-3.60000e-03	0.000000e+00	0.000000e+00	
159	5.224000e-08	-3.60000e-03	0.000000e+00	0.000000e+00	
160	5.256000e-08	-3.60000e-03	0.000000e+00	0.000000e+00	
161	5.320000e-08	-3.60000e-03	0.000000e+00	0.000000e+00	
162	5.420000e-08	-3.60000e-03	0.000000e+00	0.000000e+00	
163	5.500000e-08	-3.60000e-03	0.000000e+00	0.000000e+00	
164	5.510000e-08	-3.60000e-03	-3.60000e-04	0.000000e+00	
165	5.530000e-08	-3.60000e-03	-1.08000e-03	0.000000e+00	
166	5.570000e-08	-3.60000e-03	-2.52000e-03	0.000000e+00	
167	5.600000e-08	-3.60000e-03	-3.60000e-03	0.000000e+00	
168	5.608000e-08	-3.31200e-03	-3.60000e-03	0.000000e+00	
169	5.624000e-08	-2.73600e-03	-3.60000e-03	0.000000e+00	
170	5.656000e-08	-1.58400e-03	-3.60000e-03	0.000000e+00	

Index   time            vspin1#branch   vspin2#branch   vstore1#branch  
--------------------------------------------------------------------------------
171	5.700000e-08	0.000000e+00	-3.60000e-03	0.000000e+00	
172	5.706400e-08	0.000000e+00	-3.60000e-03	0.000000e+00	
173	5.719200e-08	0.000000e+00	-3.60000e-03	0.000000e+00	
174	5.744800e-08	0.000000e+00	-3.60000e-03	0.000000e+00	
175	5.796000e-08	0.000000e+00	-3.60000e-03	0.000000e+00	
176	5.896000e-08	0.000000e+00	-3.60000e-03	0.000000e+00	
177	5.996000e-08	0.000000e+00	-3.60000e-03	0.000000e+00	
178	6.000000e-08	0.000000e+00	-3.60000e-03	0.000000e+00	
179	6.008000e-08	0.000000e+00	-3.60000e-03	-2.61818e-04	
180	6.024000e-08	0.000000e+00	-3.60000e-03	-7.85455e-04	
181	6.056000e-08	0.000000e+00	-3.60000e-03	-1.83273e-03	
182	6.100000e-08	0.000000e+00	-3.60000e-03	-3.27273e-03	
183	6.106400e-08	0.000000e+00	-3.60000e-03	-3.27273e-03	
184	6.119200e-08	0.000000e+00	-3.60000e-03	-3.27273e-03	
185	6.144800e-08	0.000000e+00	-3.60000e-03	-3.27273e-03	
186	6.196000e-08	0.000000e+00	-3.60000e-03	-3.27273e-03	
187	6.200000e-08	0.000000e+00	-3.60000e-03	-3.27273e-03	
188	6.208000e-08	0.000000e+00	-3.60000e-03	-3.27273e-03	
189	6.224000e-08	0.000000e+00	-3.60000e-03	-3.27273e-03	
190	6.256000e-08	0.000000e+00	-3.60000e-03	-3.27273e-03	
191	6.320000e-08	0.000000e+00	-3.60000e-03	-3.27273e-03	
192	6.420000e-08	0.000000e+00	-3.60000e-03	-3.27273e-03	
193	6.500000e-08	0.000000e+00	-3.60000e-03	-3.27273e-03	
194	6.510000e-08	-3.60000e-04	-3.60000e-03	-3.27273e-03	
195	6.530000e-08	-1.08000e-03	-3.60000e-03	-3.27273e-03	
196	6.570000e-08	-2.52000e-03	-3.60000e-03	-3.27273e-03	
197	6.600000e-08	-3.60000e-03	-3.60000e-03	-3.27273e-03	
198	6.608000e-08	-3.60000e-03	-3.31200e-03	-3.27273e-03	
199	6.624000e-08	-3.60000e-03	-2.73600e-03	-3.27273e-03	
200	6.656000e-08	-3.60000e-03	-1.58400e-03	-3.27273e-03	
201	6.700000e-08	-3.60000e-03	0.000000e+00	-3.27273e-03	
202	6.706400e-08	-3.60000e-03	0.000000e+00	-3.27273e-03	
203	6.719200e-08	-3.60000e-03	0.000000e+00	-3.27273e-03	
204	6.744800e-08	-3.60000e-03	0.000000e+00	-3.27273e-03	
205	6.796000e-08	-3.60000e-03	0.000000e+00	-3.27273e-03	
206	6.896000e-08	-3.60000e-03	0.000000e+00	-3.27273e-03	
207	6.996000e-08	-3.60000e-03	0.000000e+00	-3.27273e-03	
208	7.000000e-08	-3.60000e-03	0.000000e+00	-3.27273e-03	
209	7.008000e-08	-3.60000e-03	0.000000e+00	-3.27273e-03	
210	7.024000e-08	-3.60000e-03	0.000000e+00	-3.27273e-03	
211	7.056000e-08	-3.60000e-03	0.000000e+00	-3.27273e-03	
212	7.100000e-08	-3.60000e-03	0.000000e+00	-3.27273e-03	
213	7.106400e-08	-3.60000e-03	0.000000e+00	-3.06327e-03	
214	7.119200e-08	-3.60000e-03	0.000000e+00	-2.64436e-03	
215	7.144800e-08	-3.60000e-03	0.000000e+00	-1.80655e-03	
216	7.196000e-08	-3.60000e-03	0.000000e+00	-1.30909e-04	
217	7.200000e-08	-3.60000e-03	0.000000e+00	0.000000e+00	
218	7.208000e-08	-3.60000e-03	0.000000e+00	0.000000e+00	
219	7.224000e-08	-3.60000e-03	0.000000e+00	0.000000e+00	
220	7.256000e-08	-3.60000e-03	0.000000e+00	0.000000e+00	
221	7.320000e-08	-3.60000e-03	0.000000e+00	0.000000e+00	
222	7.420000e-08	-3.60000e-03	0.000000e+00	0.000000e+00	
223	7.500000e-08	-3.60000e-03	0.000000e+00	0.000000e+00	
224	7.510000e-08	-3.60000e-03	-3.60000e-04	0.000000e+00	
225	7.530000e-08	-3.60000e-03	-1.08000e-03	0.000000e+00	
226	7.570000e-08	-3.60000e-03	-2.52000e-03	0.000000e+00	
227	7.600000e-08	-3.60000e-03	-3.60000e-03	0.000000e+00	
228	7.608000e-08	-3.31200e-03	-3.60000e-03	0.000000e+00	

Index   time            vspin1#branch   vspin2#branch   vstore1#branch  
--------------------------------------------------------------------------------
229	7.624000e-08	-2.73600e-03	-3.60000e-03	0.000000e+00	
230	7.656000e-08	-1.58400e-03	-3.60000e-03	0.000000e+00	
231	7.700000e-08	0.000000e+00	-3.60000e-03	0.000000e+00	
232	7.706400e-08	0.000000e+00	-3.60000e-03	0.000000e+00	
233	7.719200e-08	0.000000e+00	-3.60000e-03	0.000000e+00	
234	7.744800e-08	0.000000e+00	-3.60000e-03	0.000000e+00	
235	7.796000e-08	0.000000e+00	-3.60000e-03	0.000000e+00	
236	7.896000e-08	0.000000e+00	-3.60000e-03	0.000000e+00	
237	7.996000e-08	0.000000e+00	-3.60000e-03	0.000000e+00	
238	8.000000e-08	0.000000e+00	-3.60000e-03	0.000000e+00	
239	8.008000e-08	0.000000e+00	-3.60000e-03	-2.61818e-04	
240	8.024000e-08	0.000000e+00	-3.60000e-03	-7.85455e-04	
241	8.056000e-08	0.000000e+00	-3.60000e-03	-1.83273e-03	
242	8.100000e-08	0.000000e+00	-3.60000e-03	-3.27273e-03	
243	8.106400e-08	0.000000e+00	-3.60000e-03	-3.27273e-03	
244	8.119200e-08	0.000000e+00	-3.60000e-03	-3.27273e-03	
245	8.144800e-08	0.000000e+00	-3.60000e-03	-3.27273e-03	
246	8.196000e-08	0.000000e+00	-3.60000e-03	-3.27273e-03	
247	8.200000e-08	0.000000e+00	-3.60000e-03	-3.27273e-03	
248	8.208000e-08	0.000000e+00	-3.60000e-03	-3.27273e-03	
249	8.224000e-08	0.000000e+00	-3.60000e-03	-3.27273e-03	
250	8.256000e-08	0.000000e+00	-3.60000e-03	-3.27273e-03	
251	8.320000e-08	0.000000e+00	-3.60000e-03	-3.27273e-03	
252	8.420000e-08	0.000000e+00	-3.60000e-03	-3.27273e-03	
253	8.500000e-08	0.000000e+00	-3.60000e-03	-3.27273e-03	
254	8.510000e-08	-3.60000e-04	-3.60000e-03	-3.27273e-03	
255	8.530000e-08	-1.08000e-03	-3.60000e-03	-3.27273e-03	
256	8.570000e-08	-2.52000e-03	-3.60000e-03	-3.27273e-03	
257	8.600000e-08	-3.60000e-03	-3.60000e-03	-3.27273e-03	
258	8.608000e-08	-3.60000e-03	-3.31200e-03	-3.27273e-03	
259	8.624000e-08	-3.60000e-03	-2.73600e-03	-3.27273e-03	
260	8.656000e-08	-3.60000e-03	-1.58400e-03	-3.27273e-03	
261	8.700000e-08	-3.60000e-03	0.000000e+00	-3.27273e-03	
262	8.706400e-08	-3.60000e-03	0.000000e+00	-3.27273e-03	
263	8.719200e-08	-3.60000e-03	0.000000e+00	-3.27273e-03	
264	8.744800e-08	-3.60000e-03	0.000000e+00	-3.27273e-03	
265	8.796000e-08	-3.60000e-03	0.000000e+00	-3.27273e-03	
266	8.896000e-08	-3.60000e-03	0.000000e+00	-3.27273e-03	
267	8.996000e-08	-3.60000e-03	0.000000e+00	-3.27273e-03	
268	9.000000e-08	-3.60000e-03	0.000000e+00	-3.27273e-03	
269	9.008000e-08	-3.60000e-03	0.000000e+00	-3.27273e-03	
270	9.024000e-08	-3.60000e-03	0.000000e+00	-3.27273e-03	
271	9.056000e-08	-3.60000e-03	0.000000e+00	-3.27273e-03	
272	9.100000e-08	-3.60000e-03	0.000000e+00	-3.27273e-03	
273	9.106400e-08	-3.60000e-03	0.000000e+00	-3.06327e-03	
274	9.119200e-08	-3.60000e-03	0.000000e+00	-2.64436e-03	
275	9.144800e-08	-3.60000e-03	0.000000e+00	-1.80655e-03	
276	9.196000e-08	-3.60000e-03	0.000000e+00	-1.30909e-04	
277	9.200000e-08	-3.60000e-03	0.000000e+00	0.000000e+00	
278	9.208000e-08	-3.60000e-03	0.000000e+00	0.000000e+00	
279	9.224000e-08	-3.60000e-03	0.000000e+00	0.000000e+00	
280	9.256000e-08	-3.60000e-03	0.000000e+00	0.000000e+00	
281	9.320000e-08	-3.60000e-03	0.000000e+00	0.000000e+00	
282	9.420000e-08	-3.60000e-03	0.000000e+00	0.000000e+00	
283	9.500000e-08	-3.60000e-03	-4.76456e-17	0.000000e+00	
284	9.510000e-08	-3.60000e-03	-3.60000e-04	0.000000e+00	
285	9.530000e-08	-3.60000e-03	-1.08000e-03	0.000000e+00	
286	9.570000e-08	-3.60000e-03	-2.52000e-03	0.000000e+00	

Index   time            vspin1#branch   vspin2#branch   vstore1#branch  
--------------------------------------------------------------------------------
287	9.600000e-08	-3.60000e-03	-3.60000e-03	0.000000e+00	
288	9.608000e-08	-3.31200e-03	-3.60000e-03	0.000000e+00	
289	9.624000e-08	-2.73600e-03	-3.60000e-03	0.000000e+00	
290	9.656000e-08	-1.58400e-03	-3.60000e-03	0.000000e+00	
291	9.700000e-08	0.000000e+00	-3.60000e-03	0.000000e+00	
292	9.706400e-08	0.000000e+00	-3.60000e-03	0.000000e+00	
293	9.719200e-08	0.000000e+00	-3.60000e-03	0.000000e+00	
294	9.744800e-08	0.000000e+00	-3.60000e-03	0.000000e+00	
295	9.796000e-08	0.000000e+00	-3.60000e-03	0.000000e+00	
296	9.896000e-08	0.000000e+00	-3.60000e-03	0.000000e+00	
297	9.996000e-08	0.000000e+00	-3.60000e-03	0.000000e+00	
298	1.000000e-07	0.000000e+00	-3.60000e-03	0.000000e+00	
